Running `target/release/cql-stress-cassandra-stress write n=60M keysize=12 -node 172.31.21.150 shard-connection-count=1 -rate threads=8 fixed -schema 'replication(strategy=NetworkTopologyStrategy, factor=1)' keyspace=ks 'compaction(strategy=IncrementalCompactionStrategy, bloom_filter_fp_chance=0.1)' -col names=v 'size=fixed(1000)' -pop seq=1..100M`
******************** Stress Settings ********************
Command:
  Type: write
  Count: 60000000
  No Warmup: false
  Consistency Level: LocalOne
  Serial Consistency Level: Serial
  Truncate: NEVER
  Target Uncertainty: not applicable
  Key Size (bytes): 12
Rate:
  Thread count: 8
  Coordinated-Omission-Fixed latencies: true
Node:
  Nodes: ["172.31.21.150"]
  Shard connection count: 1
  Is White List: false
  Datacenter: None
Schema:
  Keyspace: ks
  Replication Strategy Options: {"replication_factor": "1", "class": "NetworkTopologyStrategy"}
  Table Compression: None
  Table Compaction Options: {"class": "IncrementalCompactionStrategy", "bloom_filter_fp_chance": "0.1"}
Column:
  Column names: ["v"]
  Size distribution: FIXED(1000)
Population:
  Partition key seed distribution: SEQ(1..100000000)

2024-03-28T23:36:56.005117Z  WARN scylla::transport::connection: Response from the database contains a warning warning="Using Replication Factor replication_factor=1 lower than the minimum_replication_factor_warn_threshold=3 is not recommended."
total ops ,    op/s,    mean,     med,     .95,     .99,    .999,     max,   time, errors
     74421,   74365,     0.1,     0.1,     0.2,     0.2,     0.3,     0.6,    1.0,      0
    149585,   75170,     0.1,     0.1,     0.1,     0.2,     0.5,     0.7,    2.0,      0
    224987,   75402,     0.1,     0.1,     0.1,     0.2,     0.4,     0.7,    3.0,      0
    300215,   75227,     0.1,     0.1,     0.1,     0.2,     0.5,     0.7,    4.0,      0
    375547,   75330,     0.1,     0.1,     0.1,     0.2,     0.5,     0.7,    5.0,      0
    449514,   73970,     0.1,     0.1,     0.1,     0.2,     0.5,     0.9,    6.0,      0
    524116,   74603,     0.1,     0.1,     0.1,     0.2,     0.5,     0.8,    7.0,      0
    598990,   74869,     0.1,     0.1,     0.1,     0.2,     0.5,     0.7,    8.0,      0
    673874,   74888,     0.1,     0.1,     0.1,     0.2,     0.5,     0.8,    9.0,      0
    747973,   74094,     0.1,     0.1,     0.1,     0.2,     0.6,     4.7,   10.0,      0
    821885,   73913,     0.1,     0.1,     0.1,     0.2,     0.5,     0.7,   11.0,      0
    896766,   74876,     0.1,     0.1,     0.1,     0.2,     0.5,     0.7,   12.0,      0
    971969,   75208,     0.1,     0.1,     0.1,     0.2,     0.5,     0.7,   13.0,      0
   1046853,   74881,     0.1,     0.1,     0.1,     0.2,     0.5,     0.8,   14.0,      0
   1121723,   74872,     0.1,     0.1,     0.1,     0.2,     0.5,     0.7,   15.0,      0
   1195767,   74042,     0.1,     0.1,     0.1,     0.2,     0.5,     0.7,   16.0,      0
   1270719,   74953,     0.1,     0.1,     0.1,     0.2,     0.5,     0.7,   17.0,      0
   1344873,   74153,     0.1,     0.1,     0.1,     0.2,     0.6,     2.1,   18.0,      0
   1420070,   75195,     0.1,     0.1,     0.1,     0.2,     0.5,     0.7,   19.0,      0
   1494878,   74811,     0.1,     0.1,     0.1,     0.2,     0.5,     0.7,   20.0,      0
   1568735,   73855,     0.1,     0.1,     0.1,     0.2,     0.5,     0.7,   21.0,      0
   1643499,   74767,     0.1,     0.1,     0.1,     0.2,     0.5,     0.7,   22.0,      0
   1718393,   74890,     0.1,     0.1,     0.1,     0.2,     0.5,     0.7,   23.0,      0
   1793506,   75113,     0.1,     0.1,     0.1,     0.2,     0.4,     0.7,   24.0,      0
   1868307,   74801,     0.1,     0.1,     0.1,     0.2,     0.5,     0.7,   25.0,      0
   1942296,   73989,     0.1,     0.1,     0.1,     0.2,     0.5,     0.7,   26.0,      0
   2017345,   75053,     0.1,     0.1,     0.1,     0.2,     0.5,     0.7,   27.0,      0
   2092540,   75192,     0.1,     0.1,     0.1,     0.2,     0.5,     0.7,   28.0,      0
   2167272,   74734,     0.1,     0.1,     0.1,     0.2,     0.5,     4.7,   29.0,      0
   2242627,   75355,     0.1,     0.1,     0.1,     0.2,     0.5,     0.7,   30.0,      0
   2317217,   74591,     0.1,     0.1,     0.1,     0.2,     0.5,     0.7,   31.0,      0
   2392474,   75257,     0.1,     0.1,     0.1,     0.2,     0.5,     0.8,   32.0,      0
   2467960,   75485,     0.1,     0.1,     0.1,     0.2,     0.5,     0.7,   33.0,      0
   2543589,   75626,     0.1,     0.1,     0.1,     0.2,     0.5,     0.7,   34.0,      0
   2619400,   75811,     0.1,     0.1,     0.1,     0.2,     0.5,     0.7,   35.0,      0
   2694233,   74834,     0.1,     0.1,     0.1,     0.2,     0.5,     0.7,   36.0,      0
   2770143,   75909,     0.1,     0.1,     0.1,     0.2,     0.4,     0.7,   37.0,      0
   2845727,   75581,     0.1,     0.1,     0.1,     0.2,     0.6,     1.1,   38.0,      0
   2921561,   75838,     0.1,     0.1,     0.1,     0.2,     0.4,     0.7,   39.0,      0
   2997168,   75603,     0.1,     0.1,     0.1,     0.2,     0.5,     4.1,   40.0,      0
   3071876,   74702,     0.1,     0.1,     0.1,     0.2,     0.4,     0.9,   41.0,      0
   3147725,   75850,     0.1,     0.1,     0.1,     0.2,     0.4,     0.7,   42.0,      0
   3223387,   75669,     0.1,     0.1,     0.1,     0.2,     0.4,     0.7,   43.0,      0
   3299192,   75807,     0.1,     0.1,     0.1,     0.2,     0.4,     0.6,   44.0,      0
   3375046,   75853,     0.1,     0.1,     0.1,     0.2,     0.4,     0.6,   45.0,      0
   3449881,   74832,     0.1,     0.1,     0.1,     0.2,     0.5,     0.7,   46.0,      0
   3525399,   75515,     0.1,     0.1,     0.1,     0.2,     0.5,     0.7,   47.0,      0
   3601116,   75724,     0.1,     0.1,     0.1,     0.2,     0.5,     0.7,   48.0,      0
   3676726,   75607,     0.1,     0.1,     0.1,     0.2,     0.4,     1.1,   49.0,      0
   3752255,   75526,     0.1,     0.1,     0.1,     0.2,     0.5,     0.7,   50.0,      0
   3826742,   74492,     0.1,     0.1,     0.1,     0.2,     0.5,     4.5,   51.0,      0
   3902617,   75872,     0.1,     0.1,     0.1,     0.2,     0.4,     0.7,   52.0,      0
   3978269,   75655,     0.1,     0.1,     0.1,     0.2,     0.4,     0.7,   53.0,      0
   4053717,   75447,     0.1,     0.1,     0.1,     0.2,     0.5,     0.8,   54.0,      0
   4129208,   75490,     0.1,     0.1,     0.1,     0.2,     0.5,     0.7,   55.0,      0
   4203618,   74413,     0.1,     0.1,     0.1,     0.2,     0.5,     0.7,   56.0,      0
   4278790,   75175,     0.1,     0.1,     0.1,     0.2,     0.4,     0.7,   57.0,      0
   4353526,   74736,     0.1,     0.1,     0.1,     0.2,     0.6,     1.1,   58.0,      0
   4428811,   75286,     0.1,     0.1,     0.1,     0.2,     0.5,     0.7,   59.0,      0
   4504316,   75506,     0.1,     0.1,     0.1,     0.2,     0.5,     0.7,   60.0,      0
   4577892,   73577,     0.1,     0.1,     0.1,     0.2,     0.6,     4.4,   61.0,      0
   4652882,   74984,     0.1,     0.1,     0.1,     0.2,     0.5,     0.7,   62.0,      0
   4727549,   74671,     0.1,     0.1,     0.1,     0.2,     0.5,     0.7,   63.0,      0
   4802343,   74794,     0.1,     0.1,     0.1,     0.2,     0.5,     0.7,   64.0,      0
   4877139,   74789,     0.1,     0.1,     0.1,     0.2,     0.5,     0.7,   65.0,      0
   4950768,   73632,     0.1,     0.1,     0.1,     0.2,     0.5,     0.8,   66.0,      0
   5025289,   74523,     0.1,     0.1,     0.1,     0.2,     0.6,     0.7,   67.0,      0
   5100353,   75065,     0.1,     0.1,     0.1,     0.2,     0.5,     0.7,   68.0,      0
   5175305,   74951,     0.1,     0.1,     0.1,     0.2,     0.5,     0.7,   69.0,      0
   5250574,   75270,     0.1,     0.1,     0.1,     0.2,     0.4,     0.8,   70.0,      0
   5324676,   74103,     0.1,     0.1,     0.1,     0.2,     0.5,     0.7,   71.0,      0
   5399645,   74968,     0.1,     0.1,     0.1,     0.2,     0.5,     0.8,   72.0,      0
   5474674,   75029,     0.1,     0.1,     0.1,     0.2,     0.5,     0.7,   73.0,      0
   5549855,   75177,     0.1,     0.1,     0.1,     0.2,     0.5,     0.7,   74.0,      0
   5624796,   74944,     0.1,     0.1,     0.1,     0.2,     0.5,     0.7,   75.0,      0
   5698702,   73906,     0.1,     0.1,     0.1,     0.2,     0.5,     0.7,   76.0,      0
   5773501,   74800,     0.1,     0.1,     0.1,     0.2,     0.5,     0.7,   77.0,      0
   5848513,   75003,     0.1,     0.1,     0.1,     0.2,     0.6,     1.1,   78.0,      0
   5910928,   62413,     0.1,     0.1,     0.2,     0.9,     1.1,     1.2,   79.0,      0
   5946099,   35170,     0.2,     0.1,     0.7,     0.9,     1.1,     1.1,   80.0,      0
   5982187,   36089,     0.2,     0.1,     0.6,     0.9,     1.1,     1.2,   81.0,      0
   6009269,   27081,     0.3,     0.1,     0.9,     1.0,     1.1,     1.6,   82.0,      0
   6022375,   13107,     0.6,     0.7,     1.0,     1.1,     1.1,     1.1,   83.0,      0
   6095340,   72967,     0.1,     0.1,     0.1,     0.2,     1.0,     1.1,   84.0,      0
   6170966,   75624,     0.1,     0.1,     0.1,     0.2,     0.4,     0.7,   85.0,      0
   6246545,   75578,     0.1,     0.1,     0.1,     0.2,     0.4,     0.9,   86.0,      0
   6322073,   75529,     0.1,     0.1,     0.1,     0.2,     0.5,     0.7,   87.0,      0
   6397697,   75623,     0.1,     0.1,     0.1,     0.2,     0.5,     0.7,   88.0,      0
   6473041,   75345,     0.1,     0.1,     0.1,     0.2,     0.5,     3.4,   89.0,      0
   6548603,   75562,     0.1,     0.1,     0.1,     0.2,     0.4,     0.7,   90.0,      0
   6624231,   75629,     0.1,     0.1,     0.1,     0.2,     0.4,     0.7,   91.0,      0
   6700039,   75810,     0.1,     0.1,     0.1,     0.2,     0.4,     0.7,   92.0,      0
   6775651,   75615,     0.1,     0.1,     0.1,     0.2,     0.4,     0.7,   93.0,      0
   6851154,   75496,     0.1,     0.1,     0.1,     0.2,     0.5,     0.7,   94.0,      0
   6926992,   75837,     0.1,     0.1,     0.1,     0.2,     0.4,     0.7,   95.0,      0
   7002465,   75479,     0.1,     0.1,     0.1,     0.2,     0.5,     0.7,   96.0,      0
   7077807,   75339,     0.1,     0.1,     0.1,     0.2,     0.4,     0.7,   97.0,      0
   7153024,   75214,     0.1,     0.1,     0.1,     0.2,     0.6,     1.1,   98.0,      0
   7228356,   75332,     0.1,     0.1,     0.1,     0.2,     0.4,     0.7,   99.0,      0
   7303838,   75484,     0.1,     0.1,     0.1,     0.2,     0.5,     0.7,  100.0,      0
   7379206,   75368,     0.1,     0.1,     0.1,     0.2,     0.4,     0.7,  101.0,      0
   7454492,   75283,     0.1,     0.1,     0.1,     0.2,     0.5,     0.7,  102.0,      0
   7529871,   75381,     0.1,     0.1,     0.1,     0.2,     0.5,     0.7,  103.0,      0
   7605292,   75423,     0.1,     0.1,     0.1,     0.2,     0.4,     0.7,  104.0,      0
   7680692,   75397,     0.1,     0.1,     0.1,     0.2,     0.5,     0.6,  105.0,      0
   7755997,   75309,     0.1,     0.1,     0.1,     0.2,     0.4,     0.7,  106.0,      0
   7831186,   75190,     0.1,     0.1,     0.1,     0.2,     0.5,     0.7,  107.0,      0
   7906356,   75166,     0.1,     0.1,     0.1,     0.2,     0.5,     1.0,  108.0,      0
   7981900,   75544,     0.1,     0.1,     0.1,     0.2,     0.4,     0.7,  109.0,      0
   8057335,   75434,     0.1,     0.1,     0.1,     0.2,     0.5,     0.7,  110.0,      0
   8132822,   75488,     0.1,     0.1,     0.1,     0.2,     0.5,     0.7,  111.0,      0
   8208249,   75426,     0.1,     0.1,     0.1,     0.2,     0.4,     0.7,  112.0,      0
   8283445,   75200,     0.1,     0.1,     0.1,     0.2,     0.4,     0.7,  113.0,      0
   8358778,   75334,     0.1,     0.1,     0.1,     0.2,     0.4,     0.7,  114.0,      0
   8434241,   75462,     0.1,     0.1,     0.1,     0.2,     0.4,     0.7,  115.0,      0
   8509738,   75500,     0.1,     0.1,     0.1,     0.2,     0.4,     0.7,  116.0,      0
   8585285,   75547,     0.1,     0.1,     0.1,     0.2,     0.4,     0.7,  117.0,      0
   8660529,   75245,     0.1,     0.1,     0.1,     0.2,     0.5,     1.0,  118.0,      0
   8735764,   75235,     0.1,     0.1,     0.1,     0.2,     0.5,     0.7,  119.0,      0
   8811180,   75409,     0.1,     0.1,     0.1,     0.2,     0.4,     0.7,  120.0,      0
   8886969,   75790,     0.1,     0.1,     0.1,     0.2,     0.5,     1.3,  121.0,      0
   8962292,   75329,     0.1,     0.1,     0.1,     0.2,     0.4,     0.7,  122.0,      0
   9037965,   75672,     0.1,     0.1,     0.1,     0.2,     0.4,     0.7,  123.0,      0
   9113690,   75726,     0.1,     0.1,     0.1,     0.2,     0.4,     0.7,  124.0,      0
   9189396,   75706,     0.1,     0.1,     0.1,     0.2,     0.4,     0.7,  125.0,      0
   9264532,   75133,     0.1,     0.1,     0.1,     0.2,     0.5,     0.9,  126.0,      0
   9339544,   75015,     0.1,     0.1,     0.1,     0.2,     0.5,     0.7,  127.0,      0
   9415142,   75591,     0.1,     0.1,     0.1,     0.2,     0.5,     0.7,  128.0,      0
   9490868,   75723,     0.1,     0.1,     0.1,     0.2,     0.4,     0.7,  129.0,      0
   9566625,   75759,     0.1,     0.1,     0.1,     0.2,     0.5,     0.7,  130.0,      0
   9642294,   75669,     0.1,     0.1,     0.1,     0.2,     0.5,     0.7,  131.0,      0
   9718229,   75939,     0.1,     0.1,     0.1,     0.2,     0.4,     0.7,  132.0,      0
   9793907,   75680,     0.1,     0.1,     0.1,     0.2,     0.5,     0.7,  133.0,      0
   9869684,   75772,     0.1,     0.1,     0.1,     0.2,     0.4,     0.7,  134.0,      0
   9945501,   75815,     0.1,     0.1,     0.1,     0.2,     0.5,     0.8,  135.0,      0
  10021364,   75864,     0.1,     0.1,     0.1,     0.2,     0.4,     0.7,  136.0,      0
  10097094,   75736,     0.1,     0.1,     0.1,     0.2,     0.5,     0.7,  137.0,      0
  10172684,   75588,     0.1,     0.1,     0.1,     0.2,     0.5,     1.1,  138.0,      0
  10248395,   75714,     0.1,     0.1,     0.1,     0.2,     0.4,     0.7,  139.0,      0
  10324075,   75680,     0.1,     0.1,     0.1,     0.2,     0.5,     0.7,  140.0,      0
  10399730,   75650,     0.1,     0.1,     0.1,     0.2,     0.5,     0.7,  141.0,      0
  10475272,   75538,     0.1,     0.1,     0.1,     0.2,     0.5,     0.7,  142.0,      0
  10550653,   75383,     0.1,     0.1,     0.1,     0.2,     0.5,     0.8,  143.0,      0
  10626215,   75561,     0.1,     0.1,     0.1,     0.2,     0.5,     0.7,  144.0,      0
  10701853,   75639,     0.1,     0.1,     0.1,     0.2,     0.4,     0.7,  145.0,      0
  10777503,   75651,     0.1,     0.1,     0.1,     0.2,     0.4,     0.7,  146.0,      0
  10853193,   75694,     0.1,     0.1,     0.1,     0.2,     0.5,     0.7,  147.0,      0
  10928900,   75703,     0.1,     0.1,     0.1,     0.2,     0.5,     0.6,  148.0,      0
  11004198,   75301,     0.1,     0.1,     0.1,     0.2,     0.5,     4.3,  149.0,      0
  11079827,   75628,     0.1,     0.1,     0.1,     0.2,     0.5,     0.7,  150.0,      0
  11155590,   75765,     0.1,     0.1,     0.1,     0.2,     0.4,     0.7,  151.0,      0
  11231110,   75524,     0.1,     0.1,     0.1,     0.2,     0.4,     0.7,  152.0,      0
  11306799,   75688,     0.1,     0.1,     0.1,     0.2,     0.4,     0.7,  153.0,      0
  11382550,   75751,     0.1,     0.1,     0.1,     0.2,     0.4,     0.7,  154.0,      0
  11458222,   75673,     0.1,     0.1,     0.1,     0.2,     0.4,     0.7,  155.0,      0
  11533993,   75771,     0.1,     0.1,     0.1,     0.2,     0.4,     0.7,  156.0,      0
  11609824,   75828,     0.1,     0.1,     0.1,     0.2,     0.5,     0.7,  157.0,      0
  11685128,   75308,     0.1,     0.1,     0.1,     0.2,     0.6,     1.0,  158.0,      0
  11760467,   75338,     0.1,     0.1,     0.1,     0.2,     0.5,     0.7,  159.0,      0
  11820661,   60191,     0.1,     0.1,     0.2,     0.9,     1.1,     1.1,  160.0,      0
  11859889,   39228,     0.2,     0.1,     0.5,     0.8,     1.0,     1.1,  161.0,      0
  11895905,   36015,     0.2,     0.1,     0.6,     0.9,     1.1,     1.5,  162.0,      0
  11921633,   25723,     0.3,     0.1,     0.9,     1.0,     1.1,     1.6,  163.0,      0
  11934212,   12581,     0.6,     0.7,     1.0,     1.1,     1.5,     1.6,  164.0,      0
  11963522,   29310,     0.3,     0.1,     0.9,     1.0,     1.1,     1.5,  165.0,      0
  12013633,   50113,     0.2,     0.1,     0.5,     0.7,     1.0,     1.7,  166.0,      0
  12063360,   49727,     0.2,     0.1,     0.4,     0.7,     1.0,    13.8,  167.0,      0
  12112036,   48675,     0.2,     0.1,     0.5,     0.7,     1.1,    10.8,  168.0,      0
  12162063,   50025,     0.2,     0.1,     0.5,     0.7,     1.0,     1.7,  169.0,      0
  12212492,   50430,     0.2,     0.1,     0.4,     0.7,     1.0,     1.4,  170.0,      0
  12262188,   49697,     0.2,     0.1,     0.5,     0.8,     1.0,     1.5,  171.0,      0
  12312346,   50158,     0.2,     0.1,     0.5,     0.8,     1.0,     1.9,  172.0,      0
  12362929,   50583,     0.2,     0.1,     0.4,     0.7,     1.0,     1.4,  173.0,      0
  12413497,   50568,     0.2,     0.1,     0.4,     0.7,     1.0,     1.4,  174.0,      0
  12472682,   59186,     0.1,     0.1,     0.4,     0.7,     1.0,     1.9,  175.0,      0
  12548683,   76006,     0.1,     0.1,     0.1,     0.2,     0.4,     0.7,  176.0,      0
  12624693,   76010,     0.1,     0.1,     0.1,     0.2,     0.5,     0.7,  177.0,      0
  12700035,   75341,     0.1,     0.1,     0.1,     0.2,     0.6,     2.4,  178.0,      0
  12776024,   75982,     0.1,     0.1,     0.1,     0.2,     0.5,     0.7,  179.0,      0
  12851878,   75855,     0.1,     0.1,     0.1,     0.2,     0.5,     0.7,  180.0,      0
  12927553,   75672,     0.1,     0.1,     0.1,     0.2,     0.5,     1.3,  181.0,      0
  13003264,   75712,     0.1,     0.1,     0.1,     0.2,     0.5,     0.8,  182.0,      0
  13079427,   76162,     0.1,     0.1,     0.1,     0.2,     0.4,     0.7,  183.0,      0
  13155658,   76232,     0.1,     0.1,     0.1,     0.2,     0.5,     0.7,  184.0,      0
  13231690,   76035,     0.1,     0.1,     0.1,     0.2,     0.4,     0.7,  185.0,      0
  13307103,   75409,     0.1,     0.1,     0.1,     0.2,     0.5,     0.8,  186.0,      0
  13382456,   75354,     0.1,     0.1,     0.1,     0.2,     0.5,     0.8,  187.0,      0
  13458234,   75779,     0.1,     0.1,     0.1,     0.2,     0.5,     0.7,  188.0,      0
  13534100,   75865,     0.1,     0.1,     0.1,     0.2,     0.4,     0.7,  189.0,      0
  13610064,   75968,     0.1,     0.1,     0.1,     0.2,     0.4,     0.7,  190.0,      0
  13686104,   76036,     0.1,     0.1,     0.1,     0.2,     0.4,     0.7,  191.0,      0
  13761685,   75580,     0.1,     0.1,     0.1,     0.2,     0.5,     0.7,  192.0,      0
  13837458,   75774,     0.1,     0.1,     0.1,     0.2,     0.5,     0.7,  193.0,      0
  13913323,   75865,     0.1,     0.1,     0.1,     0.2,     0.4,     0.7,  194.0,      0
  13989098,   75781,     0.1,     0.1,     0.1,     0.2,     0.5,     0.8,  195.0,      0
  14064815,   75717,     0.1,     0.1,     0.1,     0.2,     0.4,     0.7,  196.0,      0
  14140628,   75810,     0.1,     0.1,     0.1,     0.2,     0.4,     0.7,  197.0,      0
  14216030,   75395,     0.1,     0.1,     0.1,     0.2,     0.6,     1.1,  198.0,      0
  14291664,   75639,     0.1,     0.1,     0.1,     0.2,     0.5,     0.7,  199.0,      0
  14366786,   75124,     0.1,     0.1,     0.1,     0.2,     0.5,     0.8,  200.0,      0
  14442193,   75410,     0.1,     0.1,     0.1,     0.2,     0.5,     0.7,  201.0,      0
  14517566,   75373,     0.1,     0.1,     0.1,     0.2,     0.5,     0.7,  202.0,      0
  14592799,   75233,     0.1,     0.1,     0.1,     0.2,     0.5,     0.7,  203.0,      0
  14668305,   75504,     0.1,     0.1,     0.1,     0.2,     0.5,     0.7,  204.0,      0
  14743486,   75174,     0.1,     0.1,     0.1,     0.2,     0.5,     0.7,  205.0,      0
  14818779,   75299,     0.1,     0.1,     0.1,     0.2,     0.5,     0.7,  206.0,      0
  14894398,   75622,     0.1,     0.1,     0.1,     0.2,     0.4,     0.7,  207.0,      0
  14970030,   75633,     0.1,     0.1,     0.1,     0.2,     0.4,     0.7,  208.0,      0
  15045313,   75282,     0.1,     0.1,     0.1,     0.2,     0.5,     2.0,  209.0,      0
  15120759,   75441,     0.1,     0.1,     0.1,     0.2,     0.5,     0.7,  210.0,      0
  15196242,   75486,     0.1,     0.1,     0.1,     0.2,     0.5,     0.7,  211.0,      0
  15271560,   75321,     0.1,     0.1,     0.1,     0.2,     0.5,     0.7,  212.0,      0
  15347099,   75533,     0.1,     0.1,     0.1,     0.2,     0.5,     0.7,  213.0,      0
  15422811,   75710,     0.1,     0.1,     0.1,     0.2,     0.4,     1.0,  214.0,      0
  15498328,   75519,     0.1,     0.1,     0.1,     0.2,     0.5,     0.7,  215.0,      0
  15573732,   75404,     0.1,     0.1,     0.1,     0.2,     0.5,     0.8,  216.0,      0
  15649474,   75745,     0.1,     0.1,     0.1,     0.2,     0.5,     0.7,  217.0,      0
  15724564,   75087,     0.1,     0.1,     0.1,     0.2,     0.5,     1.0,  218.0,      0
  15799918,   75355,     0.1,     0.1,     0.1,     0.2,     0.5,     0.7,  219.0,      0
  15875412,   75493,     0.1,     0.1,     0.1,     0.2,     0.4,     0.7,  220.0,      0
  15950898,   75486,     0.1,     0.1,     0.1,     0.2,     0.5,     0.7,  221.0,      0
  16026253,   75356,     0.1,     0.1,     0.1,     0.2,     0.5,     0.7,  222.0,      0
  16101630,   75372,     0.1,     0.1,     0.1,     0.2,     0.5,     0.7,  223.0,      0
  16177308,   75681,     0.1,     0.1,     0.1,     0.2,     0.4,     0.7,  224.0,      0
  16252899,   75594,     0.1,     0.1,     0.1,     0.2,     0.4,     0.7,  225.0,      0
  16328604,   75705,     0.1,     0.1,     0.1,     0.2,     0.5,     0.7,  226.0,      0
  16404138,   75530,     0.1,     0.1,     0.1,     0.2,     0.5,     0.7,  227.0,      0
  16479626,   75487,     0.1,     0.1,     0.1,     0.2,     0.4,     0.7,  228.0,      0
  16554787,   75163,     0.1,     0.1,     0.1,     0.2,     0.5,     0.7,  229.0,      0
  16630189,   75401,     0.1,     0.1,     0.1,     0.2,     0.4,     0.8,  230.0,      0
  16705822,   75636,     0.1,     0.1,     0.1,     0.2,     0.5,     0.8,  231.0,      0
  16781438,   75616,     0.1,     0.1,     0.1,     0.2,     0.4,     0.7,  232.0,      0
  16856914,   75475,     0.1,     0.1,     0.1,     0.2,     0.4,     0.8,  233.0,      0
  16932029,   75114,     0.1,     0.1,     0.1,     0.2,     0.5,     0.8,  234.0,      0
  17007631,   75602,     0.1,     0.1,     0.1,     0.2,     0.4,     0.7,  235.0,      0
  17083194,   75563,     0.1,     0.1,     0.1,     0.2,     0.5,     0.7,  236.0,      0
  17158943,   75749,     0.1,     0.1,     0.1,     0.2,     0.4,     0.7,  237.0,      0
  17234404,   75458,     0.1,     0.1,     0.1,     0.2,     0.5,     1.1,  238.0,      0
  17310010,   75605,     0.1,     0.1,     0.1,     0.2,     0.4,     0.6,  239.0,      0
  17385487,   75480,     0.1,     0.1,     0.1,     0.2,     0.4,     0.7,  240.0,      0
  17460994,   75506,     0.1,     0.1,     0.1,     0.2,     0.5,     1.2,  241.0,      0
  17536386,   75391,     0.1,     0.1,     0.1,     0.2,     0.5,     0.7,  242.0,      0
  17611704,   75323,     0.1,     0.1,     0.1,     0.2,     0.5,     0.7,  243.0,      0
  17687281,   75572,     0.1,     0.1,     0.1,     0.2,     0.4,     0.7,  244.0,      0
  17739275,   51994,     0.2,     0.1,     0.6,     1.0,     1.1,     1.1,  245.0,      0
  17775949,   36670,     0.2,     0.1,     0.6,     0.9,     1.0,     1.2,  246.0,      0
  17811162,   35216,     0.2,     0.1,     0.6,     1.0,     1.1,     1.5,  247.0,      0
  17828125,   16962,     0.5,     0.4,     1.0,     1.1,     1.1,     1.4,  248.0,      0
  17854869,   26745,     0.3,     0.1,     1.0,     1.1,     1.1,     1.2,  249.0,      0
  17930295,   75429,     0.1,     0.1,     0.1,     0.2,     0.4,     0.7,  250.0,      0
  18005832,   75538,     0.1,     0.1,     0.1,     0.2,     0.4,     0.7,  251.0,      0
  18081186,   75351,     0.1,     0.1,     0.1,     0.2,     0.5,     0.8,  252.0,      0
  18156662,   75479,     0.1,     0.1,     0.1,     0.2,     0.5,     0.8,  253.0,      0
  18231891,   75229,     0.1,     0.1,     0.1,     0.2,     0.5,     0.8,  254.0,      0
  18306867,   74976,     0.1,     0.1,     0.1,     0.2,     0.5,     0.8,  255.0,      0
  18381975,   75108,     0.1,     0.1,     0.1,     0.2,     0.5,     0.7,  256.0,      0
  18457398,   75428,     0.1,     0.1,     0.1,     0.2,     0.5,     0.7,  257.0,      0
  18532812,   75408,     0.1,     0.1,     0.1,     0.2,     0.5,     1.1,  258.0,      0
  18608202,   75390,     0.1,     0.1,     0.1,     0.2,     0.5,     0.7,  259.0,      0
  18683558,   75359,     0.1,     0.1,     0.1,     0.2,     0.4,     0.7,  260.0,      0
  18759128,   75569,     0.1,     0.1,     0.1,     0.2,     0.5,     0.7,  261.0,      0
  18834600,   75471,     0.1,     0.1,     0.1,     0.2,     0.5,     0.8,  262.0,      0
  18910226,   75629,     0.1,     0.1,     0.1,     0.2,     0.5,     0.7,  263.0,      0
  18985638,   75410,     0.1,     0.1,     0.1,     0.2,     0.5,     0.7,  264.0,      0
  19061154,   75514,     0.1,     0.1,     0.1,     0.2,     0.5,     0.7,  265.0,      0
  19136663,   75511,     0.1,     0.1,     0.1,     0.2,     0.5,     0.8,  266.0,      0
  19211938,   75274,     0.1,     0.1,     0.1,     0.2,     0.5,     0.7,  267.0,      0
  19287329,   75396,     0.1,     0.1,     0.1,     0.2,     0.5,     0.7,  268.0,      0
  19362237,   74903,     0.1,     0.1,     0.1,     0.2,     0.5,     0.8,  269.0,      0
  19437707,   75470,     0.1,     0.1,     0.1,     0.2,     0.5,     0.8,  270.0,      0
  19513096,   75394,     0.1,     0.1,     0.1,     0.2,     0.5,     0.7,  271.0,      0
  19588591,   75491,     0.1,     0.1,     0.1,     0.2,     0.4,     0.7,  272.0,      0
  19664069,   75479,     0.1,     0.1,     0.1,     0.2,     0.5,     0.7,  273.0,      0
  19739595,   75523,     0.1,     0.1,     0.1,     0.2,     0.5,     0.7,  274.0,      0
  19814940,   75345,     0.1,     0.1,     0.1,     0.2,     0.5,     0.7,  275.0,      0
  19890355,   75418,     0.1,     0.1,     0.1,     0.2,     0.5,     0.8,  276.0,      0
  19965620,   75267,     0.1,     0.1,     0.1,     0.2,     0.5,     0.7,  277.0,      0
  20040722,   75105,     0.1,     0.1,     0.1,     0.2,     0.6,     1.0,  278.0,      0
  20116150,   75423,     0.1,     0.1,     0.1,     0.2,     0.5,     0.8,  279.0,      0
  20191664,   75515,     0.1,     0.1,     0.1,     0.2,     0.5,     0.8,  280.0,      0
  20267401,   75740,     0.1,     0.1,     0.1,     0.2,     0.4,     0.7,  281.0,      0
  20342942,   75537,     0.1,     0.1,     0.1,     0.2,     0.4,     0.7,  282.0,      0
  20418360,   75414,     0.1,     0.1,     0.1,     0.2,     0.4,     0.7,  283.0,      0
  20493988,   75635,     0.1,     0.1,     0.1,     0.2,     0.5,     0.7,  284.0,      0
  20569628,   75638,     0.1,     0.1,     0.1,     0.2,     0.4,     0.7,  285.0,      0
  20645271,   75644,     0.1,     0.1,     0.1,     0.2,     0.4,     0.7,  286.0,      0
  20720589,   75319,     0.1,     0.1,     0.1,     0.2,     0.5,     0.7,  287.0,      0
  20796328,   75735,     0.1,     0.1,     0.1,     0.2,     0.4,     0.9,  288.0,      0
  20871844,   75516,     0.1,     0.1,     0.1,     0.2,     0.5,     0.7,  289.0,      0
  20947275,   75433,     0.1,     0.1,     0.1,     0.2,     0.4,     0.6,  290.0,      0
  21022561,   75292,     0.1,     0.1,     0.1,     0.2,     0.4,     0.8,  291.0,      0
  21098072,   75505,     0.1,     0.1,     0.1,     0.2,     0.4,     0.6,  292.0,      0
  21173512,   75442,     0.1,     0.1,     0.1,     0.2,     0.4,     0.7,  293.0,      0
  21249132,   75616,     0.1,     0.1,     0.1,     0.2,     0.4,     0.7,  294.0,      0
  21324683,   75551,     0.1,     0.1,     0.1,     0.2,     0.4,     0.7,  295.0,      0
  21400033,   75353,     0.1,     0.1,     0.1,     0.2,     0.5,     0.7,  296.0,      0
  21475443,   75407,     0.1,     0.1,     0.1,     0.2,     0.5,     0.8,  297.0,      0
  21550418,   74971,     0.1,     0.1,     0.1,     0.2,     0.6,     1.1,  298.0,      0
  21626178,   75765,     0.1,     0.1,     0.1,     0.2,     0.5,     0.7,  299.0,      0
  21701998,   75820,     0.1,     0.1,     0.1,     0.2,     0.4,     0.6,  300.0,      0
  21777625,   75624,     0.1,     0.1,     0.1,     0.2,     0.5,     1.5,  301.0,      0
  21853218,   75599,     0.1,     0.1,     0.1,     0.2,     0.4,     0.7,  302.0,      0
  21928638,   75421,     0.1,     0.1,     0.1,     0.2,     0.4,     0.7,  303.0,      0
  22004124,   75489,     0.1,     0.1,     0.1,     0.2,     0.4,     0.7,  304.0,      0
  22079695,   75566,     0.1,     0.1,     0.1,     0.2,     0.4,     0.6,  305.0,      0
  22155007,   75308,     0.1,     0.1,     0.1,     0.2,     0.4,     0.7,  306.0,      0
  22230122,   75120,     0.1,     0.1,     0.1,     0.2,     0.5,     0.8,  307.0,      0
  22305528,   75406,     0.1,     0.1,     0.1,     0.2,     0.4,     0.7,  308.0,      0
  22380866,   75342,     0.1,     0.1,     0.1,     0.2,     0.4,     0.7,  309.0,      0
  22456346,   75481,     0.1,     0.1,     0.1,     0.2,     0.4,     0.7,  310.0,      0
  22531866,   75520,     0.1,     0.1,     0.1,     0.2,     0.4,     0.6,  311.0,      0
  22606963,   75096,     0.1,     0.1,     0.1,     0.2,     0.4,     0.7,  312.0,      0
  22681964,   75002,     0.1,     0.1,     0.1,     0.2,     0.4,     0.6,  313.0,      0
  22757151,   75186,     0.1,     0.1,     0.1,     0.2,     0.4,     0.7,  314.0,      0
  22832137,   74986,     0.1,     0.1,     0.1,     0.2,     0.4,     0.7,  315.0,      0
  22907381,   75245,     0.1,     0.1,     0.1,     0.2,     0.4,     0.7,  316.0,      0
  22982677,   75295,     0.1,     0.1,     0.1,     0.2,     0.4,     0.8,  317.0,      0
  23057568,   74888,     0.1,     0.1,     0.1,     0.2,     0.6,     1.0,  318.0,      0
  23132911,   75345,     0.1,     0.1,     0.1,     0.2,     0.4,     0.7,  319.0,      0
  23208071,   75161,     0.1,     0.1,     0.1,     0.2,     0.5,     0.7,  320.0,      0
  23283340,   75268,     0.1,     0.1,     0.1,     0.2,     0.5,     0.7,  321.0,      0
  23358448,   75108,     0.1,     0.1,     0.1,     0.2,     0.5,     0.7,  322.0,      0
  23433560,   75112,     0.1,     0.1,     0.1,     0.2,     0.5,     0.7,  323.0,      0
  23508587,   75026,     0.1,     0.1,     0.1,     0.2,     0.5,     0.7,  324.0,      0
  23583566,   74979,     0.1,     0.1,     0.1,     0.2,     0.5,     0.7,  325.0,      0
  23636550,   52982,     0.2,     0.1,     0.6,     1.0,     1.1,     1.1,  326.0,      0
  23672409,   35856,     0.2,     0.1,     0.7,     1.0,     1.1,     1.6,  327.0,      0
  23694419,   22010,     0.4,     0.2,     1.0,     1.1,     1.5,     1.6,  328.0,      0
  23722275,   27857,     0.3,     0.1,     0.9,     1.0,     1.5,     1.6,  329.0,      0
  23743464,   21189,     0.4,     0.2,     1.0,     1.1,     1.3,     1.6,  330.0,      0
  23762507,   19043,     0.4,     0.2,     1.0,     1.1,     1.4,     1.6,  331.0,      0
  23796240,   33732,     0.2,     0.1,     0.9,     1.0,     1.1,     1.8,  332.0,      0
  23842470,   46228,     0.2,     0.1,     0.5,     0.9,     1.1,     1.7,  333.0,      0
  23894546,   52077,     0.2,     0.1,     0.4,     0.7,     1.0,     1.5,  334.0,      0
  23945709,   51164,     0.2,     0.1,     0.4,     0.7,     1.0,     1.6,  335.0,      0
  23996046,   50335,     0.2,     0.1,     0.5,     0.7,     1.0,     1.7,  336.0,      0
  24045978,   49934,     0.2,     0.1,     0.5,     0.7,     1.0,     1.3,  337.0,      0
  24095752,   49774,     0.2,     0.1,     0.5,     0.7,     1.0,     1.6,  338.0,      0
  24146177,   50425,     0.2,     0.1,     0.4,     0.7,     1.0,     1.4,  339.0,      0
  24195549,   49372,     0.2,     0.1,     0.5,     0.8,     1.0,     1.2,  340.0,      0
  24244548,   48998,     0.2,     0.1,     0.5,     0.8,     1.0,     1.5,  341.0,      0
  24292911,   48364,     0.2,     0.1,     0.5,     0.8,     1.1,     1.5,  342.0,      0
  24342284,   49373,     0.2,     0.1,     0.5,     0.8,     1.0,     1.7,  343.0,      0
  24392088,   49803,     0.2,     0.1,     0.5,     0.7,     1.0,     1.6,  344.0,      0
  24441903,   49816,     0.2,     0.1,     0.5,     0.7,     1.0,     1.6,  345.0,      0
  24490923,   49023,     0.2,     0.1,     0.5,     0.7,     1.1,    13.9,  346.0,      0
  24540601,   49679,     0.2,     0.1,     0.4,     0.7,     1.1,    12.9,  347.0,      0
  24591068,   50463,     0.2,     0.1,     0.4,     0.7,     1.0,     1.3,  348.0,      0
  24640447,   49379,     0.2,     0.1,     0.5,     0.7,     1.0,     1.6,  349.0,      0
  24691300,   50852,     0.2,     0.1,     0.4,     0.7,     1.0,     1.4,  350.0,      0
  24740631,   49331,     0.2,     0.1,     0.5,     0.8,     1.0,     1.7,  351.0,      0
  24790150,   49519,     0.2,     0.1,     0.5,     0.8,     1.0,     1.5,  352.0,      0
  24838725,   48577,     0.2,     0.1,     0.5,     0.8,     1.1,    24.5,  353.0,      0
  24886911,   48183,     0.2,     0.1,     0.5,     0.8,     1.1,    11.8,  354.0,      0
  24934676,   47765,     0.2,     0.1,     0.5,     0.8,     1.0,     3.4,  355.0,      0
  24984220,   49543,     0.2,     0.1,     0.5,     0.8,     1.0,     1.1,  356.0,      0
  25033604,   49385,     0.2,     0.1,     0.5,     0.8,     1.0,     1.4,  357.0,      0
  25083805,   50201,     0.2,     0.1,     0.4,     0.7,     1.0,     1.4,  358.0,      0
  25133384,   49579,     0.2,     0.1,     0.5,     0.7,     1.0,     1.8,  359.0,      0
  25183223,   49839,     0.2,     0.1,     0.5,     0.7,     1.0,     1.6,  360.0,      0
  25234057,   50833,     0.2,     0.1,     0.4,     0.7,     1.0,     3.9,  361.0,      0
  25284255,   50199,     0.2,     0.1,     0.4,     0.7,     1.0,    17.0,  362.0,      0
  25333355,   49099,     0.2,     0.1,     0.5,     0.8,     1.0,     1.3,  363.0,      0
  25389561,   56208,     0.1,     0.1,     0.4,     0.9,     1.0,     1.7,  364.0,      0
  25464921,   75365,     0.1,     0.1,     0.1,     0.2,     0.4,     0.7,  365.0,      0
  25539995,   75075,     0.1,     0.1,     0.1,     0.2,     0.5,     1.0,  366.0,      0
  25614960,   74964,     0.1,     0.1,     0.1,     0.2,     0.5,     0.8,  367.0,      0
  25690441,   75481,     0.1,     0.1,     0.1,     0.2,     0.4,     0.7,  368.0,      0
  25765745,   75304,     0.1,     0.1,     0.1,     0.2,     0.4,     0.7,  369.0,      0
  25840939,   75195,     0.1,     0.1,     0.1,     0.2,     0.4,     0.6,  370.0,      0
  25916685,   75745,     0.1,     0.1,     0.1,     0.2,     0.4,     0.6,  371.0,      0
  25992254,   75567,     0.1,     0.1,     0.1,     0.2,     0.4,     0.6,  372.0,      0
  26067747,   75496,     0.1,     0.1,     0.1,     0.2,     0.4,     0.7,  373.0,      0
  26143442,   75695,     0.1,     0.1,     0.1,     0.2,     0.4,     0.6,  374.0,      0
  26219024,   75582,     0.1,     0.1,     0.1,     0.2,     0.4,     0.7,  375.0,      0
  26294653,   75629,     0.1,     0.1,     0.1,     0.2,     0.5,     0.7,  376.0,      0
  26370233,   75579,     0.1,     0.1,     0.1,     0.2,     0.4,     0.7,  377.0,      0
  26445728,   75494,     0.1,     0.1,     0.1,     0.2,     0.5,     1.1,  378.0,      0
  26521546,   75821,     0.1,     0.1,     0.1,     0.2,     0.4,     0.7,  379.0,      0
  26596865,   75317,     0.1,     0.1,     0.1,     0.2,     0.5,     0.7,  380.0,      0
  26672319,   75453,     0.1,     0.1,     0.1,     0.2,     0.4,     0.7,  381.0,      0
  26747850,   75531,     0.1,     0.1,     0.1,     0.2,     0.4,     0.7,  382.0,      0
  26823077,   75228,     0.1,     0.1,     0.1,     0.2,     0.5,     0.7,  383.0,      0
  26898529,   75450,     0.1,     0.1,     0.1,     0.2,     0.4,     0.6,  384.0,      0
  26974186,   75660,     0.1,     0.1,     0.1,     0.2,     0.4,     0.7,  385.0,      0
  27049863,   75676,     0.1,     0.1,     0.1,     0.2,     0.4,     0.7,  386.0,      0
  27125216,   75353,     0.1,     0.1,     0.1,     0.2,     0.4,     0.7,  387.0,      0
  27200768,   75552,     0.1,     0.1,     0.1,     0.2,     0.4,     0.7,  388.0,      0
  27276191,   75423,     0.1,     0.1,     0.1,     0.2,     0.4,     0.7,  389.0,      0
  27351642,   75452,     0.1,     0.1,     0.1,     0.2,     0.5,     0.7,  390.0,      0
  27427198,   75553,     0.1,     0.1,     0.1,     0.2,     0.5,     0.7,  391.0,      0
  27502467,   75271,     0.1,     0.1,     0.1,     0.2,     0.5,     0.7,  392.0,      0
  27577583,   75117,     0.1,     0.1,     0.1,     0.2,     0.5,     0.7,  393.0,      0
  27652773,   75190,     0.1,     0.1,     0.1,     0.2,     0.5,     0.7,  394.0,      0
  27728372,   75599,     0.1,     0.1,     0.1,     0.2,     0.4,     0.7,  395.0,      0
  27803841,   75467,     0.1,     0.1,     0.1,     0.2,     0.5,     0.7,  396.0,      0
  27879077,   75236,     0.1,     0.1,     0.1,     0.2,     0.5,     0.7,  397.0,      0
  27954284,   75207,     0.1,     0.1,     0.1,     0.2,     0.6,     1.1,  398.0,      0
  28029635,   75351,     0.1,     0.1,     0.1,     0.2,     0.4,     0.8,  399.0,      0
  28104765,   75130,     0.1,     0.1,     0.1,     0.2,     0.5,     0.7,  400.0,      0
  28180147,   75381,     0.1,     0.1,     0.1,     0.2,     0.4,     0.7,  401.0,      0
  28255308,   75160,     0.1,     0.1,     0.1,     0.2,     0.4,     0.7,  402.0,      0
  28330248,   74941,     0.1,     0.1,     0.1,     0.2,     0.5,     0.8,  403.0,      0
  28405087,   74838,     0.1,     0.1,     0.1,     0.2,     0.5,     0.8,  404.0,      0
  28479802,   74715,     0.1,     0.1,     0.1,     0.2,     0.4,     0.8,  405.0,      0
  28554426,   74625,     0.1,     0.1,     0.1,     0.2,     0.5,     0.7,  406.0,      0
  28629273,   74844,     0.1,     0.1,     0.1,     0.2,     0.5,     0.7,  407.0,      0
  28703908,   74639,     0.1,     0.1,     0.1,     0.2,     0.5,     0.8,  408.0,      0
  28778460,   74547,     0.1,     0.1,     0.1,     0.2,     0.5,     0.8,  409.0,      0
  28852986,   74521,     0.1,     0.1,     0.1,     0.2,     0.5,     0.8,  410.0,      0
  28927393,   74411,     0.1,     0.1,     0.1,     0.2,     0.5,     0.8,  411.0,      0
  29002337,   74949,     0.1,     0.1,     0.1,     0.2,     0.5,     0.8,  412.0,      0
  29077279,   74938,     0.1,     0.1,     0.1,     0.2,     0.5,     0.7,  413.0,      0
  29152283,   75008,     0.1,     0.1,     0.1,     0.2,     0.4,     0.7,  414.0,      0
  29227460,   75177,     0.1,     0.1,     0.1,     0.2,     0.5,     0.7,  415.0,      0
  29302223,   74759,     0.1,     0.1,     0.1,     0.2,     0.5,     0.7,  416.0,      0
  29377210,   74984,     0.1,     0.1,     0.1,     0.2,     0.4,     0.8,  417.0,      0
  29451923,   74713,     0.1,     0.1,     0.1,     0.2,     0.6,     1.0,  418.0,      0
  29523258,   71331,     0.1,     0.1,     0.1,     0.4,     1.0,     1.1,  419.0,      0
  29563615,   40356,     0.2,     0.1,     0.8,     1.0,     1.1,     1.1,  420.0,      0
  29591863,   28248,     0.3,     0.1,     0.9,     1.0,     1.1,     1.9,  421.0,      0
  29613178,   21316,     0.4,     0.2,     1.0,     1.1,     1.1,     1.3,  422.0,      0
  29628195,   15017,     0.5,     0.6,     1.0,     1.1,     1.1,     1.1,  423.0,      0
  29672083,   43888,     0.2,     0.1,     0.9,     1.0,     1.1,     1.2,  424.0,      0
  29747689,   75607,     0.1,     0.1,     0.1,     0.2,     0.5,     0.7,  425.0,      0
  29822956,   75268,     0.1,     0.1,     0.1,     0.2,     0.5,     0.7,  426.0,      0
  29898483,   75527,     0.1,     0.1,     0.1,     0.2,     0.5,     0.8,  427.0,      0
  29974226,   75747,     0.1,     0.1,     0.1,     0.2,     0.4,     0.7,  428.0,      0
  30049265,   75033,     0.1,     0.1,     0.1,     0.2,     0.5,     0.8,  429.0,      0
  30124317,   75053,     0.1,     0.1,     0.1,     0.2,     0.5,     0.9,  430.0,      0
  30199559,   75245,     0.1,     0.1,     0.1,     0.2,     0.5,     0.7,  431.0,      0
  30274651,   75089,     0.1,     0.1,     0.1,     0.2,     0.5,     0.7,  432.0,      0
  30349332,   74685,     0.1,     0.1,     0.1,     0.2,     0.5,     0.7,  433.0,      0
  30423953,   74618,     0.1,     0.1,     0.1,     0.2,     0.5,     0.8,  434.0,      0
  30498433,   74481,     0.1,     0.1,     0.1,     0.2,     0.5,     0.8,  435.0,      0
  30573024,   74595,     0.1,     0.1,     0.1,     0.2,     0.5,     0.8,  436.0,      0
  30647837,   74809,     0.1,     0.1,     0.1,     0.2,     0.5,     0.8,  437.0,      0
  30722667,   74830,     0.1,     0.1,     0.1,     0.2,     0.6,     1.1,  438.0,      0
  30797619,   74959,     0.1,     0.1,     0.1,     0.2,     0.5,     0.7,  439.0,      0
  30872470,   74852,     0.1,     0.1,     0.1,     0.2,     0.5,     0.7,  440.0,      0
  30947574,   75104,     0.1,     0.1,     0.1,     0.2,     0.5,     0.8,  441.0,      0
  31022485,   74911,     0.1,     0.1,     0.1,     0.2,     0.5,     0.7,  442.0,      0
  31097824,   75338,     0.1,     0.1,     0.1,     0.2,     0.5,     0.7,  443.0,      0
  31172784,   74961,     0.1,     0.1,     0.1,     0.2,     0.5,     0.9,  444.0,      0
  31247976,   75190,     0.1,     0.1,     0.1,     0.2,     0.5,     0.7,  445.0,      0
  31323264,   75290,     0.1,     0.1,     0.1,     0.2,     0.5,     0.7,  446.0,      0
  31398530,   75267,     0.1,     0.1,     0.1,     0.2,     0.5,     0.7,  447.0,      0
  31473754,   75223,     0.1,     0.1,     0.1,     0.2,     0.5,     0.7,  448.0,      0
  31548703,   74942,     0.1,     0.1,     0.1,     0.2,     0.5,     0.8,  449.0,      0
  31623712,   75011,     0.1,     0.1,     0.1,     0.2,     0.5,     0.9,  450.0,      0
  31698818,   75107,     0.1,     0.1,     0.1,     0.2,     0.5,     0.7,  451.0,      0
  31773796,   74978,     0.1,     0.1,     0.1,     0.2,     0.5,     0.7,  452.0,      0
  31848836,   75041,     0.1,     0.1,     0.1,     0.2,     0.5,     0.8,  453.0,      0
  31924050,   75210,     0.1,     0.1,     0.1,     0.2,     0.5,     0.7,  454.0,      0
  31999224,   75176,     0.1,     0.1,     0.1,     0.2,     0.5,     0.7,  455.0,      0
  32074415,   75189,     0.1,     0.1,     0.1,     0.2,     0.5,     0.9,  456.0,      0
  32149666,   75252,     0.1,     0.1,     0.1,     0.2,     0.5,     0.7,  457.0,      0
  32224527,   74858,     0.1,     0.1,     0.1,     0.2,     0.6,     1.1,  458.0,      0
  32299507,   74981,     0.1,     0.1,     0.1,     0.2,     0.5,     0.9,  459.0,      0
  32374564,   75061,     0.1,     0.1,     0.1,     0.2,     0.5,     0.7,  460.0,      0
  32449513,   74946,     0.1,     0.1,     0.1,     0.2,     0.5,     0.8,  461.0,      0
  32524546,   75032,     0.1,     0.1,     0.1,     0.2,     0.5,     1.0,  462.0,      0
  32599525,   74981,     0.1,     0.1,     0.1,     0.2,     0.5,     0.7,  463.0,      0
  32674413,   74894,     0.1,     0.1,     0.1,     0.2,     0.4,     0.8,  464.0,      0
  32749008,   74596,     0.1,     0.1,     0.1,     0.2,     0.5,     0.7,  465.0,      0
  32823861,   74854,     0.1,     0.1,     0.1,     0.2,     0.5,     0.7,  466.0,      0
  32898585,   74724,     0.1,     0.1,     0.1,     0.2,     0.5,     0.7,  467.0,      0
  32973200,   74614,     0.1,     0.1,     0.1,     0.2,     0.5,     1.0,  468.0,      0
  33047571,   74368,     0.1,     0.1,     0.1,     0.2,     0.5,     0.7,  469.0,      0
  33121915,   74348,     0.1,     0.1,     0.1,     0.2,     0.5,     0.8,  470.0,      0
  33196287,   74372,     0.1,     0.1,     0.1,     0.2,     0.5,     0.7,  471.0,      0
  33270718,   74425,     0.1,     0.1,     0.1,     0.2,     0.5,     0.9,  472.0,      0
  33345225,   74510,     0.1,     0.1,     0.1,     0.2,     0.5,     0.8,  473.0,      0
  33419842,   74611,     0.1,     0.1,     0.1,     0.2,     0.5,     0.7,  474.0,      0
  33494560,   74719,     0.1,     0.1,     0.1,     0.2,     0.5,     0.8,  475.0,      0
  33569247,   74692,     0.1,     0.1,     0.1,     0.2,     0.5,     0.9,  476.0,      0
  33644252,   75004,     0.1,     0.1,     0.1,     0.2,     0.5,     0.7,  477.0,      0
  33718335,   74086,     0.1,     0.1,     0.1,     0.2,     0.6,     1.1,  478.0,      0
  33792749,   74413,     0.1,     0.1,     0.1,     0.2,     0.5,     0.9,  479.0,      0
  33867193,   74445,     0.1,     0.1,     0.1,     0.2,     0.5,     0.9,  480.0,      0
  33941459,   74264,     0.1,     0.1,     0.1,     0.2,     0.6,     1.1,  481.0,      0
  34015881,   74424,     0.1,     0.1,     0.1,     0.2,     0.5,     0.9,  482.0,      0
  34090784,   74901,     0.1,     0.1,     0.1,     0.2,     0.5,     1.0,  483.0,      0
  34165563,   74781,     0.1,     0.1,     0.1,     0.2,     0.5,     0.7,  484.0,      0
  34240254,   74682,     0.1,     0.1,     0.1,     0.2,     0.5,     0.8,  485.0,      0
  34314688,   74440,     0.1,     0.1,     0.1,     0.2,     0.5,     0.7,  486.0,      0
  34388544,   73858,     0.1,     0.1,     0.1,     0.2,     0.6,     0.7,  487.0,      0
  34463093,   74550,     0.1,     0.1,     0.1,     0.2,     0.5,     0.7,  488.0,      0
  34537435,   74343,     0.1,     0.1,     0.1,     0.2,     0.5,     0.7,  489.0,      0
  34611811,   74375,     0.1,     0.1,     0.1,     0.2,     0.5,     0.7,  490.0,      0
  34686174,   74364,     0.1,     0.1,     0.1,     0.2,     0.5,     0.7,  491.0,      0
  34760588,   74414,     0.1,     0.1,     0.1,     0.2,     0.5,     0.7,  492.0,      0
  34835034,   74443,     0.1,     0.1,     0.1,     0.2,     0.5,     0.8,  493.0,      0
  34909278,   74241,     0.1,     0.1,     0.1,     0.2,     0.5,     0.7,  494.0,      0
  34983195,   73919,     0.1,     0.1,     0.1,     0.2,     0.5,     0.7,  495.0,      0
  35057877,   74678,     0.1,     0.1,     0.1,     0.2,     0.4,     0.7,  496.0,      0
  35132431,   74555,     0.1,     0.1,     0.1,     0.2,     0.5,     0.7,  497.0,      0
  35206631,   74201,     0.1,     0.1,     0.1,     0.2,     0.6,     1.1,  498.0,      0
  35280972,   74343,     0.1,     0.1,     0.1,     0.2,     0.5,     0.7,  499.0,      0
  35355437,   74464,     0.1,     0.1,     0.1,     0.2,     0.5,     0.8,  500.0,      0
  35429702,   74260,     0.1,     0.1,     0.1,     0.2,     0.5,     0.7,  501.0,      0
  35504161,   74460,     0.1,     0.1,     0.1,     0.2,     0.5,     1.0,  502.0,      0
  35578593,   74413,     0.1,     0.1,     0.1,     0.2,     0.5,     0.7,  503.0,      0
  35652929,   74358,     0.1,     0.1,     0.1,     0.2,     0.5,     0.7,  504.0,      0
  35727495,   74560,     0.1,     0.1,     0.1,     0.2,     0.5,     0.7,  505.0,      0
  35801700,   74206,     0.1,     0.1,     0.1,     0.2,     0.5,     0.9,  506.0,      0
  35876024,   74330,     0.1,     0.1,     0.1,     0.2,     0.5,     0.7,  507.0,      0
  35950767,   74738,     0.1,     0.1,     0.1,     0.2,     0.5,     0.7,  508.0,      0
  36025157,   74393,     0.1,     0.1,     0.1,     0.2,     0.5,     3.6,  509.0,      0
  36099343,   74182,     0.1,     0.1,     0.1,     0.2,     0.5,     1.1,  510.0,      0
  36173282,   73944,     0.1,     0.1,     0.1,     0.2,     0.5,     0.8,  511.0,      0
  36247472,   74188,     0.1,     0.1,     0.1,     0.2,     0.5,     0.8,  512.0,      0
  36321908,   74435,     0.1,     0.1,     0.1,     0.2,     0.5,     0.8,  513.0,      0
  36396456,   74551,     0.1,     0.1,     0.1,     0.2,     0.5,     0.8,  514.0,      0
  36471027,   74574,     0.1,     0.1,     0.1,     0.2,     0.5,     1.1,  515.0,      0
  36545165,   74140,     0.1,     0.1,     0.1,     0.2,     0.5,     0.8,  516.0,      0
  36619253,   74088,     0.1,     0.1,     0.1,     0.2,     0.5,     0.7,  517.0,      0
  36693591,   74338,     0.1,     0.1,     0.1,     0.2,     0.6,     1.0,  518.0,      0
  36768103,   74511,     0.1,     0.1,     0.1,     0.2,     0.5,     0.8,  519.0,      0
  36842264,   74161,     0.1,     0.1,     0.1,     0.2,     0.5,     0.9,  520.0,      0
  36916380,   74116,     0.1,     0.1,     0.1,     0.2,     0.5,     1.0,  521.0,      0
  36990308,   73928,     0.1,     0.1,     0.1,     0.2,     0.5,     0.7,  522.0,      0
  37064626,   74317,     0.1,     0.1,     0.1,     0.2,     0.5,     0.8,  523.0,      0
  37139220,   74588,     0.1,     0.1,     0.1,     0.2,     0.5,     0.7,  524.0,      0
  37213593,   74376,     0.1,     0.1,     0.1,     0.2,     0.6,     1.0,  525.0,      0
  37287699,   74109,     0.1,     0.1,     0.1,     0.2,     0.6,     0.8,  526.0,      0
  37357186,   69484,     0.1,     0.1,     0.2,     0.6,     1.0,     1.1,  527.0,      0
  37407957,   50769,     0.2,     0.1,     0.7,     1.0,     1.1,     1.5,  528.0,      0
  37441987,   34030,     0.2,     0.1,     0.8,     1.0,     1.1,     1.5,  529.0,      0
  37472282,   30295,     0.3,     0.1,     0.9,     1.0,     1.1,     1.6,  530.0,      0
  37504689,   32406,     0.2,     0.1,     0.8,     1.0,     1.1,     1.6,  531.0,      0
  37540392,   35703,     0.2,     0.1,     0.7,     1.0,     1.1,     1.4,  532.0,      0
  37562830,   22439,     0.4,     0.1,     1.0,     1.1,     1.1,     1.6,  533.0,      0
  37576131,   13301,     0.6,     0.7,     1.0,     1.1,     1.1,     1.6,  534.0,      0
  37589372,   13242,     0.6,     0.7,     1.0,     1.1,     1.3,     1.6,  535.0,      0
  37613388,   24015,     0.3,     0.1,     1.0,     1.1,     1.1,     1.5,  536.0,      0
  37659824,   46434,     0.2,     0.1,     0.5,     0.9,     1.1,    16.8,  537.0,      0
  37707709,   47888,     0.2,     0.1,     0.4,     0.7,     1.2,    22.5,  538.0,      0
  37757948,   50236,     0.2,     0.1,     0.4,     0.6,     1.0,    15.9,  539.0,      0
  37809425,   51475,     0.2,     0.1,     0.4,     0.6,     1.0,     1.2,  540.0,      0
  37859197,   49773,     0.2,     0.1,     0.5,     0.7,     1.0,     1.3,  541.0,      0
  37908730,   49533,     0.2,     0.1,     0.5,     0.8,     1.0,     1.6,  542.0,      0
  37958038,   49308,     0.2,     0.1,     0.5,     0.8,     1.0,     1.3,  543.0,      0
  38008068,   50029,     0.2,     0.1,     0.4,     0.7,     1.0,     6.4,  544.0,      0
  38057653,   49582,     0.2,     0.1,     0.4,     0.7,     1.1,     5.9,  545.0,      0
  38107519,   49864,     0.2,     0.1,     0.5,     0.8,     1.0,     1.5,  546.0,      0
  38178874,   71333,     0.1,     0.1,     0.2,     0.4,     0.9,     1.1,  547.0,      0
  38253672,   74829,     0.1,     0.1,     0.1,     0.2,     0.5,     0.8,  548.0,      0
  38328590,   74921,     0.1,     0.1,     0.1,     0.2,     0.5,     0.7,  549.0,      0
  38403342,   74749,     0.1,     0.1,     0.1,     0.2,     0.5,     0.7,  550.0,      0
  38478076,   74739,     0.1,     0.1,     0.1,     0.2,     0.5,     1.0,  551.0,      0
  38552853,   74779,     0.1,     0.1,     0.1,     0.2,     0.5,     0.7,  552.0,      0
  38627447,   74595,     0.1,     0.1,     0.1,     0.2,     0.5,     0.7,  553.0,      0
  38702382,   74934,     0.1,     0.1,     0.1,     0.2,     0.5,     0.7,  554.0,      0
  38777475,   75088,     0.1,     0.1,     0.1,     0.2,     0.5,     0.8,  555.0,      0
  38852645,   75172,     0.1,     0.1,     0.1,     0.2,     0.5,     0.7,  556.0,      0
  38927481,   74830,     0.1,     0.1,     0.1,     0.2,     0.5,     0.8,  557.0,      0
  39002136,   74655,     0.1,     0.1,     0.1,     0.2,     0.6,     1.1,  558.0,      0
  39076824,   74694,     0.1,     0.1,     0.1,     0.2,     0.5,     0.8,  559.0,      0
  39151431,   74606,     0.1,     0.1,     0.1,     0.2,     0.5,     1.1,  560.0,      0
  39225962,   74529,     0.1,     0.1,     0.1,     0.2,     0.5,     1.0,  561.0,      0
  39300943,   74979,     0.1,     0.1,     0.1,     0.2,     0.5,     0.7,  562.0,      0
  39375895,   74955,     0.1,     0.1,     0.1,     0.2,     0.5,     0.7,  563.0,      0
  39450740,   74839,     0.1,     0.1,     0.1,     0.2,     0.5,     1.0,  564.0,      0
  39525761,   75028,     0.1,     0.1,     0.1,     0.2,     0.5,     0.8,  565.0,      0
  39600614,   74849,     0.1,     0.1,     0.1,     0.2,     0.5,     0.8,  566.0,      0
  39675487,   74875,     0.1,     0.1,     0.1,     0.2,     0.5,     0.8,  567.0,      0
  39750376,   74888,     0.1,     0.1,     0.1,     0.2,     0.5,     0.9,  568.0,      0
  39825016,   74639,     0.1,     0.1,     0.1,     0.2,     0.5,     6.2,  569.0,      0
  39899803,   74788,     0.1,     0.1,     0.1,     0.2,     0.5,     0.7,  570.0,      0
  39974738,   74939,     0.1,     0.1,     0.1,     0.2,     0.5,     0.7,  571.0,      0
  40049631,   74893,     0.1,     0.1,     0.1,     0.2,     0.5,     0.9,  572.0,      0
  40124445,   74811,     0.1,     0.1,     0.1,     0.2,     0.5,     0.7,  573.0,      0
  40199156,   74711,     0.1,     0.1,     0.1,     0.2,     0.5,     0.7,  574.0,      0
  40274218,   75061,     0.1,     0.1,     0.1,     0.2,     0.5,     0.9,  575.0,      0
  40349150,   74933,     0.1,     0.1,     0.1,     0.2,     0.5,     0.7,  576.0,      0
  40424068,   74919,     0.1,     0.1,     0.1,     0.2,     0.5,     0.7,  577.0,      0
  40498749,   74678,     0.1,     0.1,     0.1,     0.2,     0.6,     1.1,  578.0,      0
  40573623,   74877,     0.1,     0.1,     0.1,     0.2,     0.5,     0.8,  579.0,      0
  40648417,   74794,     0.1,     0.1,     0.1,     0.2,     0.5,     0.7,  580.0,      0
  40723369,   74954,     0.1,     0.1,     0.1,     0.2,     0.5,     0.9,  581.0,      0
  40797977,   74605,     0.1,     0.1,     0.1,     0.2,     0.5,     0.9,  582.0,      0
  40872851,   74876,     0.1,     0.1,     0.1,     0.2,     0.5,     0.7,  583.0,      0
  40947659,   74805,     0.1,     0.1,     0.1,     0.2,     0.5,     0.7,  584.0,      0
  41022501,   74847,     0.1,     0.1,     0.1,     0.2,     0.5,     0.7,  585.0,      0
  41097134,   74634,     0.1,     0.1,     0.1,     0.2,     0.5,     0.7,  586.0,      0
  41172404,   75270,     0.1,     0.1,     0.1,     0.2,     0.4,     0.7,  587.0,      0
  41247658,   75251,     0.1,     0.1,     0.1,     0.2,     0.5,     0.9,  588.0,      0
  41322518,   74859,     0.1,     0.1,     0.1,     0.2,     0.5,     0.9,  589.0,      0
  41397343,   74824,     0.1,     0.1,     0.1,     0.2,     0.5,     0.9,  590.0,      0
  41471955,   74613,     0.1,     0.1,     0.1,     0.2,     0.5,     0.7,  591.0,      0
  41546819,   74868,     0.1,     0.1,     0.1,     0.2,     0.5,     0.7,  592.0,      0
  41621748,   74924,     0.1,     0.1,     0.1,     0.2,     0.5,     0.7,  593.0,      0
  41696560,   74812,     0.1,     0.1,     0.1,     0.2,     0.5,     0.8,  594.0,      0
  41771381,   74822,     0.1,     0.1,     0.1,     0.2,     0.5,     0.9,  595.0,      0
  41846202,   74818,     0.1,     0.1,     0.1,     0.2,     0.4,     0.7,  596.0,      0
  41921016,   74815,     0.1,     0.1,     0.1,     0.2,     0.5,     0.7,  597.0,      0
  41995572,   74560,     0.1,     0.1,     0.1,     0.2,     0.6,     1.1,  598.0,      0
  42070368,   74793,     0.1,     0.1,     0.1,     0.2,     0.5,     0.7,  599.0,      0
  42145221,   74854,     0.1,     0.1,     0.1,     0.2,     0.5,     0.7,  600.0,      0
  42219521,   74305,     0.1,     0.1,     0.1,     0.2,     0.5,     1.4,  601.0,      0
  42293777,   74258,     0.1,     0.1,     0.1,     0.2,     0.5,     0.7,  602.0,      0
  42368071,   74294,     0.1,     0.1,     0.1,     0.2,     0.5,     0.7,  603.0,      0
  42442401,   74330,     0.1,     0.1,     0.1,     0.2,     0.5,     0.8,  604.0,      0
  42516686,   74285,     0.1,     0.1,     0.1,     0.2,     0.5,     0.7,  605.0,      0
  42590736,   74042,     0.1,     0.1,     0.1,     0.2,     0.5,     0.7,  606.0,      0
  42664612,   73877,     0.1,     0.1,     0.1,     0.2,     0.5,     0.8,  607.0,      0
  42738988,   74376,     0.1,     0.1,     0.1,     0.2,     0.5,     0.9,  608.0,      0
  42813604,   74616,     0.1,     0.1,     0.1,     0.2,     0.5,     0.8,  609.0,      0
  42887924,   74319,     0.1,     0.1,     0.1,     0.2,     0.5,     2.6,  610.0,      0
  42962495,   74574,     0.1,     0.1,     0.1,     0.2,     0.5,     1.1,  611.0,      0
  43037062,   74567,     0.1,     0.1,     0.1,     0.2,     0.5,     0.7,  612.0,      0
  43111516,   74452,     0.1,     0.1,     0.1,     0.2,     0.5,     0.7,  613.0,      0
  43186123,   74610,     0.1,     0.1,     0.1,     0.2,     0.5,     0.8,  614.0,      0
  43260945,   74816,     0.1,     0.1,     0.1,     0.2,     0.5,     0.8,  615.0,      0
  43335604,   74660,     0.1,     0.1,     0.1,     0.2,     0.5,     0.7,  616.0,      0
  43410174,   74570,     0.1,     0.1,     0.1,     0.2,     0.5,     0.7,  617.0,      0
  43484545,   74370,     0.1,     0.1,     0.1,     0.2,     0.6,     1.1,  618.0,      0
  43559103,   74559,     0.1,     0.1,     0.1,     0.2,     0.5,     0.8,  619.0,      0
  43633390,   74285,     0.1,     0.1,     0.1,     0.2,     0.5,     0.8,  620.0,      0
  43707369,   73983,     0.1,     0.1,     0.1,     0.2,     0.5,     0.9,  621.0,      0
  43781763,   74395,     0.1,     0.1,     0.1,     0.2,     0.5,     0.7,  622.0,      0
  43856112,   74347,     0.1,     0.1,     0.1,     0.2,     0.5,     0.7,  623.0,      0
  43930387,   74275,     0.1,     0.1,     0.1,     0.2,     0.5,     0.9,  624.0,      0
  44005117,   74732,     0.1,     0.1,     0.1,     0.2,     0.4,     0.7,  625.0,      0
  44079921,   74802,     0.1,     0.1,     0.1,     0.2,     0.5,     0.7,  626.0,      0
  44154434,   74512,     0.1,     0.1,     0.1,     0.2,     0.5,     0.8,  627.0,      0
  44228916,   74481,     0.1,     0.1,     0.1,     0.2,     0.5,     0.7,  628.0,      0
  44302925,   74011,     0.1,     0.1,     0.1,     0.2,     0.5,     1.4,  629.0,      0
  44377122,   74197,     0.1,     0.1,     0.1,     0.2,     0.5,     0.8,  630.0,      0
  44451756,   74631,     0.1,     0.1,     0.1,     0.2,     0.5,     0.7,  631.0,      0
  44526396,   74645,     0.1,     0.1,     0.1,     0.2,     0.5,     0.7,  632.0,      0
  44600963,   74567,     0.1,     0.1,     0.1,     0.2,     0.5,     0.9,  633.0,      0
  44675530,   74566,     0.1,     0.1,     0.1,     0.2,     0.5,     0.9,  634.0,      0
  44750043,   74510,     0.1,     0.1,     0.1,     0.2,     0.5,     0.7,  635.0,      0
  44824332,   74292,     0.1,     0.1,     0.1,     0.2,     0.5,     0.9,  636.0,      0
  44898672,   74339,     0.1,     0.1,     0.1,     0.2,     0.5,     0.9,  637.0,      0
  44972778,   74109,     0.1,     0.1,     0.1,     0.2,     0.6,     1.1,  638.0,      0
  45047043,   74264,     0.1,     0.1,     0.1,     0.2,     0.5,     0.7,  639.0,      0
  45121221,   74178,     0.1,     0.1,     0.1,     0.2,     0.5,     0.7,  640.0,      0
  45195323,   74105,     0.1,     0.1,     0.1,     0.2,     0.5,     0.8,  641.0,      0
  45268934,   73607,     0.1,     0.1,     0.1,     0.2,     0.5,     0.9,  642.0,      0
  45325559,   56625,     0.1,     0.1,     0.5,     0.9,     1.1,     1.1,  643.0,      0
  45359830,   34268,     0.2,     0.1,     0.9,     1.0,     1.1,     1.3,  644.0,      0
  45390938,   31110,     0.3,     0.1,     0.8,     1.0,     1.1,     1.5,  645.0,      0
  45423859,   32919,     0.2,     0.1,     0.8,     1.0,     1.1,     1.5,  646.0,      0
  45442670,   18811,     0.4,     0.3,     1.0,     1.1,     1.1,     1.5,  647.0,      0
  45456121,   13450,     0.6,     0.7,     1.0,     1.1,     1.1,     1.3,  648.0,      0
  45474310,   18192,     0.4,     0.1,     1.0,     1.1,     1.1,     1.5,  649.0,      0
  45547482,   73171,     0.1,     0.1,     0.1,     0.2,     0.9,     1.1,  650.0,      0
  45621967,   74488,     0.1,     0.1,     0.1,     0.2,     0.5,     0.8,  651.0,      0
  45696578,   74610,     0.1,     0.1,     0.1,     0.2,     0.5,     0.8,  652.0,      0
  45771162,   74582,     0.1,     0.1,     0.1,     0.2,     0.5,     0.7,  653.0,      0
  45845737,   74574,     0.1,     0.1,     0.1,     0.2,     0.5,     0.7,  654.0,      0
  45920224,   74492,     0.1,     0.1,     0.1,     0.2,     0.5,     0.8,  655.0,      0
  45994822,   74597,     0.1,     0.1,     0.1,     0.2,     0.5,     0.7,  656.0,      0
  46069259,   74436,     0.1,     0.1,     0.1,     0.2,     0.5,     0.8,  657.0,      0
  46143668,   74408,     0.1,     0.1,     0.1,     0.2,     0.6,     1.1,  658.0,      0
  46218232,   74564,     0.1,     0.1,     0.1,     0.2,     0.5,     1.0,  659.0,      0
  46292923,   74696,     0.1,     0.1,     0.1,     0.2,     0.5,     0.9,  660.0,      0
  46367623,   74699,     0.1,     0.1,     0.1,     0.2,     0.5,     1.0,  661.0,      0
  46442472,   74849,     0.1,     0.1,     0.1,     0.2,     0.5,     0.8,  662.0,      0
  46517589,   75112,     0.1,     0.1,     0.1,     0.2,     0.5,     0.7,  663.0,      0
  46592568,   74982,     0.1,     0.1,     0.1,     0.2,     0.5,     0.7,  664.0,      0
  46667515,   74947,     0.1,     0.1,     0.1,     0.2,     0.5,     0.9,  665.0,      0
  46742173,   74659,     0.1,     0.1,     0.1,     0.2,     0.5,     0.7,  666.0,      0
  46816476,   74299,     0.1,     0.1,     0.1,     0.2,     0.6,     0.8,  667.0,      0
  46891264,   74794,     0.1,     0.1,     0.1,     0.2,     0.5,     0.9,  668.0,      0
  46966156,   74889,     0.1,     0.1,     0.1,     0.2,     0.5,     0.7,  669.0,      0
  47041083,   74928,     0.1,     0.1,     0.1,     0.2,     0.5,     0.9,  670.0,      0
  47116003,   74921,     0.1,     0.1,     0.1,     0.2,     0.5,     0.7,  671.0,      0
  47191175,   75169,     0.1,     0.1,     0.1,     0.2,     0.5,     0.7,  672.0,      0
  47266298,   75122,     0.1,     0.1,     0.1,     0.2,     0.5,     0.8,  673.0,      0
  47340924,   74625,     0.1,     0.1,     0.1,     0.2,     0.6,     0.9,  674.0,      0
  47415728,   74806,     0.1,     0.1,     0.1,     0.2,     0.5,     0.8,  675.0,      0
  47490686,   74954,     0.1,     0.1,     0.1,     0.2,     0.5,     0.7,  676.0,      0
  47565478,   74799,     0.1,     0.1,     0.1,     0.2,     0.5,     0.9,  677.0,      0
  47640022,   74537,     0.1,     0.1,     0.1,     0.2,     0.6,     1.1,  678.0,      0
  47714933,   74915,     0.1,     0.1,     0.1,     0.2,     0.5,     0.7,  679.0,      0
  47789500,   74565,     0.1,     0.1,     0.1,     0.2,     0.5,     1.1,  680.0,      0
  47864104,   74605,     0.1,     0.1,     0.1,     0.2,     0.5,     0.8,  681.0,      0
  47938485,   74381,     0.1,     0.1,     0.1,     0.2,     0.5,     0.8,  682.0,      0
  48013117,   74632,     0.1,     0.1,     0.1,     0.2,     0.5,     0.8,  683.0,      0
  48087634,   74517,     0.1,     0.1,     0.1,     0.2,     0.6,     1.4,  684.0,      0
  48162184,   74552,     0.1,     0.1,     0.1,     0.2,     0.5,     1.0,  685.0,      0
  48236972,   74785,     0.1,     0.1,     0.1,     0.2,     0.5,     0.7,  686.0,      0
  48311448,   74477,     0.1,     0.1,     0.1,     0.2,     0.5,     0.8,  687.0,      0
  48385968,   74523,     0.1,     0.1,     0.1,     0.2,     0.5,     0.7,  688.0,      0
  48460590,   74622,     0.1,     0.1,     0.1,     0.2,     0.5,     0.7,  689.0,      0
  48535132,   74541,     0.1,     0.1,     0.1,     0.2,     0.5,     1.0,  690.0,      0
  48609949,   74818,     0.1,     0.1,     0.1,     0.2,     0.5,     0.9,  691.0,      0
  48684840,   74885,     0.1,     0.1,     0.1,     0.2,     0.5,     0.8,  692.0,      0
  48759425,   74587,     0.1,     0.1,     0.1,     0.2,     0.5,     0.7,  693.0,      0
  48834569,   75145,     0.1,     0.1,     0.1,     0.2,     0.5,     0.7,  694.0,      0
  48909704,   75136,     0.1,     0.1,     0.1,     0.2,     0.5,     0.7,  695.0,      0
  48984662,   74961,     0.1,     0.1,     0.1,     0.2,     0.5,     0.7,  696.0,      0
  49059673,   75006,     0.1,     0.1,     0.1,     0.2,     0.5,     0.7,  697.0,      0
  49134631,   74961,     0.1,     0.1,     0.1,     0.2,     0.6,     1.1,  698.0,      0
  49209429,   74800,     0.1,     0.1,     0.1,     0.2,     0.5,     0.8,  699.0,      0
  49284311,   74880,     0.1,     0.1,     0.1,     0.2,     0.5,     0.9,  700.0,      0
  49359352,   75037,     0.1,     0.1,     0.1,     0.2,     0.4,     0.7,  701.0,      0
  49434125,   74776,     0.1,     0.1,     0.1,     0.2,     0.4,     0.7,  702.0,      0
  49509050,   74922,     0.1,     0.1,     0.1,     0.2,     0.5,     0.8,  703.0,      0
  49583955,   74907,     0.1,     0.1,     0.1,     0.2,     0.5,     0.7,  704.0,      0
  49658949,   74994,     0.1,     0.1,     0.1,     0.2,     0.5,     0.9,  705.0,      0
  49733648,   74704,     0.1,     0.1,     0.1,     0.2,     0.5,     0.7,  706.0,      0
  49808296,   74647,     0.1,     0.1,     0.1,     0.2,     0.5,     0.7,  707.0,      0
  49882912,   74614,     0.1,     0.1,     0.1,     0.2,     0.5,     0.8,  708.0,      0
  49957346,   74432,     0.1,     0.1,     0.1,     0.2,     0.5,     0.8,  709.0,      0
  50031859,   74512,     0.1,     0.1,     0.1,     0.2,     0.5,     0.8,  710.0,      0
  50106547,   74687,     0.1,     0.1,     0.1,     0.2,     0.5,     1.0,  711.0,      0
  50181188,   74639,     0.1,     0.1,     0.1,     0.2,     0.5,     0.7,  712.0,      0
  50255775,   74592,     0.1,     0.1,     0.1,     0.2,     0.5,     0.7,  713.0,      0
  50330723,   74946,     0.1,     0.1,     0.1,     0.2,     0.4,     0.7,  714.0,      0
  50405458,   74736,     0.1,     0.1,     0.1,     0.2,     0.5,     0.7,  715.0,      0
  50480255,   74794,     0.1,     0.1,     0.1,     0.2,     0.5,     1.0,  716.0,      0
  50555170,   74920,     0.1,     0.1,     0.1,     0.2,     0.5,     0.8,  717.0,      0
  50629586,   74416,     0.1,     0.1,     0.1,     0.2,     0.6,     1.0,  718.0,      0
  50704311,   74724,     0.1,     0.1,     0.1,     0.2,     0.5,     0.7,  719.0,      0
  50779147,   74835,     0.1,     0.1,     0.1,     0.2,     0.5,     0.7,  720.0,      0
  50854087,   74936,     0.1,     0.1,     0.1,     0.2,     0.5,     1.2,  721.0,      0
  50929075,   74994,     0.1,     0.1,     0.1,     0.2,     0.5,     0.7,  722.0,      0
  51004377,   75302,     0.1,     0.1,     0.1,     0.2,     0.5,     0.7,  723.0,      0
  51079470,   75094,     0.1,     0.1,     0.1,     0.2,     0.5,     0.7,  724.0,      0
  51154367,   74894,     0.1,     0.1,     0.1,     0.2,     0.5,     0.7,  725.0,      0
  51229007,   74639,     0.1,     0.1,     0.1,     0.2,     0.5,     0.7,  726.0,      0
  51303302,   74298,     0.1,     0.1,     0.1,     0.2,     0.5,     0.9,  727.0,      0
  51378016,   74715,     0.1,     0.1,     0.1,     0.2,     0.5,     0.9,  728.0,      0
  51452622,   74606,     0.1,     0.1,     0.1,     0.2,     0.5,     0.7,  729.0,      0
  51527417,   74792,     0.1,     0.1,     0.1,     0.2,     0.5,     0.8,  730.0,      0
  51602123,   74709,     0.1,     0.1,     0.1,     0.2,     0.5,     0.7,  731.0,      0
  51676642,   74521,     0.1,     0.1,     0.1,     0.2,     0.5,     0.8,  732.0,      0
  51751406,   74765,     0.1,     0.1,     0.1,     0.2,     0.5,     0.7,  733.0,      0
  51826071,   74659,     0.1,     0.1,     0.1,     0.2,     0.5,     0.9,  734.0,      0
  51900776,   74708,     0.1,     0.1,     0.1,     0.2,     0.5,     0.7,  735.0,      0
  51975435,   74658,     0.1,     0.1,     0.1,     0.2,     0.5,     1.0,  736.0,      0
  52050171,   74734,     0.1,     0.1,     0.1,     0.2,     0.5,     0.7,  737.0,      0
  52124584,   74409,     0.1,     0.1,     0.1,     0.2,     0.6,     1.1,  738.0,      0
  52199331,   74749,     0.1,     0.1,     0.1,     0.2,     0.5,     0.9,  739.0,      0
  52273869,   74543,     0.1,     0.1,     0.1,     0.2,     0.5,     0.9,  740.0,      0
  52348378,   74504,     0.1,     0.1,     0.1,     0.2,     0.5,     0.7,  741.0,      0
  52423155,   74777,     0.1,     0.1,     0.1,     0.2,     0.5,     0.9,  742.0,      0
  52497783,   74628,     0.1,     0.1,     0.1,     0.2,     0.5,     1.0,  743.0,      0
  52572469,   74684,     0.1,     0.1,     0.1,     0.2,     0.5,     0.7,  744.0,      0
  52647126,   74663,     0.1,     0.1,     0.1,     0.2,     0.5,     0.9,  745.0,      0
  52722075,   74949,     0.1,     0.1,     0.1,     0.2,     0.5,     1.0,  746.0,      0
  52796633,   74553,     0.1,     0.1,     0.1,     0.2,     0.5,     1.1,  747.0,      0
  52871043,   74412,     0.1,     0.1,     0.1,     0.2,     0.5,     0.7,  748.0,      0
  52945333,   74290,     0.1,     0.1,     0.1,     0.2,     0.5,     0.8,  749.0,      0
  53019516,   74163,     0.1,     0.1,     0.1,     0.2,     0.5,     0.8,  750.0,      0
  53093298,   73803,     0.1,     0.1,     0.1,     0.2,     0.5,     0.8,  751.0,      0
  53167145,   73849,     0.1,     0.1,     0.1,     0.2,     0.5,     0.7,  752.0,      0
  53237809,   70665,     0.1,     0.1,     0.2,     0.5,     1.0,     1.1,  753.0,      0
  53293028,   55217,     0.1,     0.1,     0.6,     0.9,     1.1,     1.1,  754.0,      0
  53330105,   37075,     0.2,     0.1,     0.9,     1.0,     1.1,     1.3,  755.0,      0
  53359670,   29561,     0.3,     0.1,     0.9,     1.0,     1.1,     1.5,  756.0,      0
  53396848,   37181,     0.2,     0.1,     0.7,     1.0,     1.1,     1.5,  757.0,      0
  53434020,   37172,     0.2,     0.1,     0.7,     0.9,     1.1,     1.5,  758.0,      0
  53455865,   21845,     0.4,     0.2,     1.0,     1.1,     1.5,     1.6,  759.0,      0
  53470347,   14482,     0.6,     0.6,     1.0,     1.1,     1.5,     2.0,  760.0,      0
  53484690,   14344,     0.6,     0.6,     1.0,     1.1,     1.5,     1.6,  761.0,      0
  53503098,   18409,     0.4,     0.2,     1.0,     1.1,     1.2,     1.6,  762.0,      0
  53538029,   34930,     0.2,     0.1,     0.9,     1.0,     1.1,     1.8,  763.0,      0
  53588619,   50587,     0.2,     0.1,     0.4,     0.7,     1.0,     1.5,  764.0,      0
  53640316,   51693,     0.2,     0.1,     0.4,     0.7,     1.0,     1.5,  765.0,      0
  53691503,   51188,     0.2,     0.1,     0.4,     0.7,     1.0,     1.5,  766.0,      0
  53742839,   51338,     0.2,     0.1,     0.4,     0.7,     1.0,     1.3,  767.0,      0
  53792375,   49534,     0.2,     0.1,     0.5,     0.7,     1.0,     1.4,  768.0,      0
  53841262,   48886,     0.2,     0.1,     0.5,     0.8,     1.0,     1.6,  769.0,      0
  53890677,   49412,     0.2,     0.1,     0.5,     0.7,     1.0,     1.4,  770.0,      0
  53941042,   50372,     0.2,     0.1,     0.4,     0.7,     1.0,     1.9,  771.0,      0
  53992040,   50994,     0.2,     0.1,     0.4,     0.7,     1.0,     1.8,  772.0,      0
  54041178,   49141,     0.2,     0.1,     0.5,     0.8,     1.0,     1.7,  773.0,      0
  54089032,   47853,     0.2,     0.1,     0.5,     0.9,     1.1,     1.7,  774.0,      0
  54137541,   48511,     0.2,     0.1,     0.5,     0.8,     1.0,     1.5,  775.0,      0
  54184431,   46884,     0.2,     0.1,     0.5,     0.9,     1.1,     1.3,  776.0,      0
  54231347,   46922,     0.2,     0.1,     0.5,     0.8,     1.1,    15.1,  777.0,      0
  54280001,   48655,     0.2,     0.1,     0.5,     0.8,     1.1,    13.8,  778.0,      0
  54329494,   49493,     0.2,     0.1,     0.4,     0.7,     1.0,     1.4,  779.0,      0
  54378742,   49245,     0.2,     0.1,     0.5,     0.7,     1.0,     1.7,  780.0,      0
  54426934,   48189,     0.2,     0.1,     0.5,     0.8,     1.0,     1.6,  781.0,      0
  54475847,   48914,     0.2,     0.1,     0.5,     0.8,     1.0,     1.5,  782.0,      0
  54525625,   49777,     0.2,     0.1,     0.5,     0.7,     1.0,     1.2,  783.0,      0
  54574263,   48642,     0.2,     0.1,     0.5,     0.8,     1.0,     1.8,  784.0,      0
  54620038,   45776,     0.2,     0.1,     0.5,     0.8,     1.1,    19.7,  785.0,      0
  54667269,   47227,     0.2,     0.1,     0.5,     0.8,     1.1,    11.1,  786.0,      0
  54716646,   49382,     0.2,     0.1,     0.5,     0.7,     1.0,     1.3,  787.0,      0
  54765433,   48791,     0.2,     0.1,     0.5,     0.8,     1.0,     1.5,  788.0,      0
  54813222,   47787,     0.2,     0.1,     0.5,     0.8,     1.1,     1.4,  789.0,      0
  54860853,   47625,     0.2,     0.1,     0.5,     0.8,     1.1,     1.6,  790.0,      0
  54909963,   49115,     0.2,     0.1,     0.5,     0.7,     1.0,     1.3,  791.0,      0
  54957557,   47596,     0.2,     0.1,     0.5,     0.8,     1.1,     1.5,  792.0,      0
  55004689,   47128,     0.2,     0.1,     0.5,     0.8,     1.1,    10.8,  793.0,      0
  55052382,   47697,     0.2,     0.1,     0.5,     0.8,     1.1,    22.9,  794.0,      0
  55099983,   47597,     0.2,     0.1,     0.5,     0.8,     1.1,     1.6,  795.0,      0
  55148086,   48104,     0.2,     0.1,     0.5,     0.8,     1.0,     1.5,  796.0,      0
  55196925,   48840,     0.2,     0.1,     0.5,     0.8,     1.0,     1.5,  797.0,      0
  55246011,   49088,     0.2,     0.1,     0.5,     0.8,     1.0,     1.6,  798.0,      0
  55295550,   49535,     0.2,     0.1,     0.5,     0.7,     1.0,     1.7,  799.0,      0
  55345226,   49675,     0.2,     0.1,     0.5,     0.7,     1.0,     1.6,  800.0,      0
  55393126,   47903,     0.2,     0.1,     0.5,     0.8,     1.0,     1.6,  801.0,      0
  55441109,   47983,     0.2,     0.1,     0.5,     0.8,     1.0,     1.5,  802.0,      0
  55487356,   46245,     0.2,     0.1,     0.5,     0.9,     1.1,     1.5,  803.0,      0
  55533077,   45721,     0.2,     0.1,     0.6,     0.9,     1.1,     1.5,  804.0,      0
  55581028,   47950,     0.2,     0.1,     0.5,     0.8,     1.0,     1.2,  805.0,      0
  55627338,   46314,     0.2,     0.1,     0.5,     0.9,     1.1,     1.6,  806.0,      0
  55675179,   47840,     0.2,     0.1,     0.5,     0.8,     1.0,     9.9,  807.0,      0
  55722752,   47572,     0.2,     0.1,     0.5,     0.8,     1.1,     7.6,  808.0,      0
  55771046,   48297,     0.2,     0.1,     0.4,     0.7,     1.1,     9.6,  809.0,      0
  55819522,   48477,     0.2,     0.1,     0.5,     0.7,     1.0,    12.2,  810.0,      0
  55870031,   50510,     0.2,     0.1,     0.4,     0.7,     1.0,     1.5,  811.0,      0
  55919328,   49298,     0.2,     0.1,     0.4,     0.7,     1.0,     1.2,  812.0,      0
  55967356,   48026,     0.2,     0.1,     0.5,     0.8,     1.0,     1.2,  813.0,      0
  56015846,   48488,     0.2,     0.1,     0.5,     0.8,     1.0,     1.2,  814.0,      0
  56064000,   48151,     0.2,     0.1,     0.5,     0.8,     1.0,     1.9,  815.0,      0
  56112349,   48348,     0.2,     0.1,     0.5,     0.8,     1.0,     3.9,  816.0,      0
  56158313,   45964,     0.2,     0.1,     0.5,     0.9,     1.1,     9.8,  817.0,      0
  56204248,   45935,     0.2,     0.1,     0.5,     0.9,     1.1,    15.1,  818.0,      0
  56251503,   47259,     0.2,     0.1,     0.5,     0.8,     1.0,     1.2,  819.0,      0
  56299443,   47939,     0.2,     0.1,     0.5,     0.8,     1.0,     1.7,  820.0,      0
  56348297,   48855,     0.2,     0.1,     0.5,     0.7,     1.0,     1.6,  821.0,      0
  56397865,   49566,     0.2,     0.1,     0.5,     0.7,     1.0,     1.6,  822.0,      0
  56447050,   49186,     0.2,     0.1,     0.5,     0.7,     1.0,     1.6,  823.0,      0
  56493724,   46676,     0.2,     0.1,     0.5,     0.8,     1.5,    20.3,  824.0,      0
  56541929,   48200,     0.2,     0.1,     0.5,     0.8,     1.1,     8.2,  825.0,      0
  56590263,   48336,     0.2,     0.1,     0.5,     0.8,     1.0,     1.4,  826.0,      0
  56640085,   49824,     0.2,     0.1,     0.5,     0.7,     1.0,     1.4,  827.0,      0
  56689288,   49199,     0.2,     0.1,     0.5,     0.7,     1.0,     1.8,  828.0,      0
  56738100,   48813,     0.2,     0.1,     0.5,     0.8,     1.0,     2.0,  829.0,      0
  56786426,   48330,     0.2,     0.1,     0.5,     0.8,     1.0,     1.4,  830.0,      0
  56835033,   48605,     0.2,     0.1,     0.5,     0.8,     1.0,     1.7,  831.0,      0
  56881394,   46363,     0.2,     0.1,     0.5,     0.9,     1.1,     1.5,  832.0,      0
  56928354,   46962,     0.2,     0.1,     0.5,     0.9,     1.1,     1.5,  833.0,      0
  56977017,   48660,     0.2,     0.1,     0.5,     0.8,     1.0,     1.5,  834.0,      0
  57023729,   46711,     0.2,     0.1,     0.5,     0.8,     1.1,     1.4,  835.0,      0
  57070954,   47224,     0.2,     0.1,     0.5,     0.8,     1.1,     1.8,  836.0,      0
  57118702,   47748,     0.2,     0.1,     0.5,     0.8,     1.0,     1.6,  837.0,      0
  57166232,   47534,     0.2,     0.1,     0.5,     0.8,     1.1,    11.1,  838.0,      0
  57213706,   47471,     0.2,     0.1,     0.5,     0.8,     1.0,     9.3,  839.0,      0
  57259759,   46055,     0.2,     0.1,     0.5,     0.8,     1.1,    15.4,  840.0,      0
  57305885,   46125,     0.2,     0.1,     0.5,     0.8,     1.1,    16.7,  841.0,      0
  57353997,   48113,     0.2,     0.1,     0.5,     0.8,     1.0,     1.5,  842.0,      0
  57402252,   48255,     0.2,     0.1,     0.5,     0.8,     1.0,     1.5,  843.0,      0
  57450153,   47898,     0.2,     0.1,     0.5,     0.8,     1.0,     1.4,  844.0,      0
  57497586,   47434,     0.2,     0.1,     0.5,     0.8,     1.0,     1.4,  845.0,      0
  57543668,   46079,     0.2,     0.1,     0.5,     0.9,     1.1,     1.5,  846.0,      0
  57589606,   45944,     0.2,     0.1,     0.6,     0.9,     1.1,     1.6,  847.0,      0
  57635782,   46176,     0.2,     0.1,     0.5,     0.8,     1.1,    13.1,  848.0,      0
  57683833,   48048,     0.2,     0.1,     0.5,     0.8,     1.0,    10.0,  849.0,      0
  57731669,   47839,     0.2,     0.1,     0.5,     0.8,     1.0,     1.6,  850.0,      0
  57778798,   47129,     0.2,     0.1,     0.5,     0.8,     1.0,     1.7,  851.0,      0
  57825972,   47171,     0.2,     0.1,     0.5,     0.8,     1.0,     1.7,  852.0,      0
  57873213,   47239,     0.2,     0.1,     0.5,     0.8,     1.0,     1.5,  853.0,      0
  57919888,   46679,     0.2,     0.1,     0.5,     0.8,     1.1,     1.4,  854.0,      0
  57968208,   48318,     0.2,     0.1,     0.5,     0.8,     1.1,     1.5,  855.0,      0
  58013794,   45589,     0.2,     0.1,     0.6,     0.9,     1.1,     1.5,  856.0,      0
  58082939,   69146,     0.1,     0.1,     0.2,     0.6,     1.0,     1.1,  857.0,      0
  58156907,   73967,     0.1,     0.1,     0.1,     0.2,     0.6,     1.1,  858.0,      0
  58230711,   73802,     0.1,     0.1,     0.1,     0.2,     0.6,     0.8,  859.0,      0
  58304072,   73362,     0.1,     0.1,     0.1,     0.2,     0.7,     1.1,  860.0,      0
  58376937,   72866,     0.1,     0.1,     0.1,     0.3,     0.7,     1.1,  861.0,      0
  58450485,   73551,     0.1,     0.1,     0.1,     0.3,     0.6,     1.0,  862.0,      0
  58524089,   73602,     0.1,     0.1,     0.1,     0.2,     0.6,     0.8,  863.0,      0
  58597931,   73842,     0.1,     0.1,     0.1,     0.2,     0.6,     0.9,  864.0,      0
  58671605,   73677,     0.1,     0.1,     0.1,     0.2,     0.6,     1.1,  865.0,      0
  58745398,   73798,     0.1,     0.1,     0.1,     0.2,     0.6,     0.7,  866.0,      0
  58819375,   73977,     0.1,     0.1,     0.1,     0.2,     0.6,     0.7,  867.0,      0
  58893216,   73841,     0.1,     0.1,     0.1,     0.2,     0.6,     0.9,  868.0,      0
  58967037,   73820,     0.1,     0.1,     0.1,     0.2,     0.6,     1.1,  869.0,      0
  59040885,   73850,     0.1,     0.1,     0.1,     0.2,     0.6,     1.0,  870.0,      0
  59114694,   73808,     0.1,     0.1,     0.1,     0.2,     0.6,     1.2,  871.0,      0
  59188455,   73762,     0.1,     0.1,     0.1,     0.2,     0.6,     0.8,  872.0,      0
  59262137,   73682,     0.1,     0.1,     0.1,     0.2,     0.6,     0.7,  873.0,      0
  59335918,   73780,     0.1,     0.1,     0.1,     0.2,     0.6,     0.8,  874.0,      0
  59409425,   73508,     0.1,     0.1,     0.1,     0.2,     0.6,     0.9,  875.0,      0
  59483067,   73641,     0.1,     0.1,     0.1,     0.2,     0.6,     0.8,  876.0,      0
  59556213,   73144,     0.1,     0.1,     0.1,     0.2,     0.6,     1.1,  877.0,      0
  59629357,   73145,     0.1,     0.1,     0.1,     0.3,     0.6,     1.1,  878.0,      0
  59703040,   73680,     0.1,     0.1,     0.1,     0.2,     0.6,     0.8,  879.0,      0
  59776726,   73682,     0.1,     0.1,     0.1,     0.2,     0.6,     1.1,  880.0,      0
  59850395,   73673,     0.1,     0.1,     0.1,     0.2,     0.6,     0.8,  881.0,      0
  59923901,   73502,     0.1,     0.1,     0.1,     0.2,     0.6,     0.9,  882.0,      0
  59997704,   73806,     0.1,     0.1,     0.1,     0.2,     0.6,     0.8,  883.0,      0

Results:
Op rate                   :    67948 op/s
Latency mean              :    0.1 ms
Latency median            :    0.1 ms
Latency 95th percentile   :    0.2 ms
Latency 99th percentile   :    0.5 ms
Latency 99.9th percentile :    1.0 ms
Latency max               :   24.5 ms
Total operations          :   60000000
Total errors              :          0
Total operation time      : 00:14:43

